time,temp_rtd [°C],temp_r [°C],temp_p [°C],humi_r [%],pressure_r [hPa],pressure_p [hPa]
2020-05-17 15:30:38,20.9166,21.8404,20.9930,67.1408,1013.6463,1015.7610
2020-05-17 15:30:43,20.9386,21.8458,21.0024,67.1246,1013.6452,1015.7917
2020-05-17 15:30:49,20.9583,21.8494,21.0128,67.1082,1013.6355,1015.7958
2020-05-17 15:30:53,20.9723,21.8536,21.0207,67.0968,1013.6623,1015.8568
2020-05-17 15:30:58,20.9869,21.8577,21.0287,67.0741,1013.6086,1015.8532
2020-05-17 15:31:04,21.0005,21.8620,21.0376,67.0523,1013.6612,1015.7317
2020-05-17 15:31:08,21.0136,21.8663,21.0467,67.0412,1013.6429,1015.7624
2020-05-17 15:31:14,21.0243,21.8708,21.0558,67.0021,1013.6601,1015.6942
2020-05-17 15:31:18,21.0356,21.8751,21.0651,66.9856,1013.6504,1015.8316
2020-05-17 15:31:23,21.0460,21.8791,21.0737,66.9635,1013.6944,1015.7326
2020-05-17 15:31:29,21.0563,21.8831,21.0820,66.9468,1013.7029,1015.7367
2020-05-17 15:31:33,21.0661,21.8868,21.0904,66.9133,1013.6395,1015.7218
2020-05-17 15:31:38,21.0756,21.8908,21.0988,66.8908,1013.6749,1015.7484
2020-05-17 15:31:44,21.0862,21.8946,21.1073,66.8858,1013.6921,1015.7679
2020-05-17 15:31:48,21.0977,21.9086,21.1209,66.6164,1013.8669,1016.0575
2020-05-17 15:31:53,21.1605,22.0277,21.1988,65.3860,1013.8929,1015.8142
2020-05-17 15:31:59,21.3362,22.2800,21.3787,61.8063,1013.7984,1015.6954
2020-05-17 15:32:03,21.6082,22.6209,21.6407,57.8352,1013.9190,1015.6255
2020-05-17 15:32:08,21.9763,23.0435,21.9843,53.3234,1013.8708,1015.4965
2020-05-17 15:32:14,22.4342,23.5339,22.4134,49.1814,1013.8693,1015.3628
2020-05-17 15:32:18,22.9535,24.0562,22.9020,45.8970,1013.8283,1015.3400
2020-05-17 15:32:24,23.5324,24.6098,23.4455,42.7685,1013.9515,1015.2746
2020-05-17 15:32:29,24.1622,25.1800,24.0372,40.6133,1013.8050,1015.1397
2020-05-17 15:32:33,24.8339,25.7455,24.6594,39.1268,1013.8676,1015.1191
2020-05-17 15:32:39,25.5464,26.3075,25.3114,36.9299,1013.8298,1015.1182
2020-05-17 15:32:43,26.2736,26.8652,25.9796,35.6731,1013.8724,1015.0694
2020-05-17 15:32:48,27.0115,27.4174,26.6594,34.1322,1013.9089,1015.1217
2020-05-17 15:32:54,27.7614,27.9647,27.3510,32.4806,1013.8058,1015.1228
2020-05-17 15:32:58,28.5056,28.5052,28.0419,31.4060,1013.8293,1015.1618
2020-05-17 15:33:03,29.2448,29.0429,28.7329,30.2132,1013.8652,1015.0900
2020-05-17 15:33:09,29.9859,29.5756,29.4233,29.0045,1013.8245,1015.1179
2020-05-17 15:33:13,30.7191,30.0968,30.1027,27.9749,1013.8139,1015.1356
2020-05-17 15:33:18,31.4361,30.6074,30.7755,27.0991,1013.7313,1015.2617
2020-05-17 15:33:24,32.1306,31.1065,31.4407,26.3471,1013.8571,1015.2970
2020-05-17 15:33:28,32.8132,31.5942,32.0941,25.6748,1013.7318,1015.2635
2020-05-17 15:33:34,33.4892,32.0754,32.7397,24.9788,1013.7575,1015.2068
2020-05-17 15:33:39,34.1607,32.5480,33.3785,24.3463,1013.8302,1015.2665
2020-05-17 15:33:43,34.8239,33.0134,34.0080,23.6872,1013.8255,1015.3826
2020-05-17 15:33:49,35.4769,33.4706,34.6289,23.1736,1013.8388,1015.2956
2020-05-17 15:33:53,36.1108,33.9150,35.2345,22.8605,1013.7686,1015.2553
2020-05-17 15:33:58,36.7263,34.3488,35.8270,22.3801,1013.8353,1015.2591
2020-05-17 15:34:04,37.3282,34.7733,36.4088,21.8493,1013.7994,1015.2019
2020-05-17 15:34:08,37.9163,35.1889,36.9780,21.4081,1013.7818,1015.1325
2020-05-17 15:34:13,38.4926,35.5980,37.5361,20.9218,1013.8183,1014.9794
2020-05-17 15:34:19,39.0592,35.9988,38.0845,20.4768,1013.8568,1014.9406
2020-05-17 15:34:23,39.6118,36.3897,38.6203,20.1495,1013.8550,1014.7711
2020-05-17 15:34:28,40.1491,36.7711,39.1430,19.6135,1013.8644,1014.6199
2020-05-17 15:34:34,40.6664,37.1438,39.6510,19.0234,1013.7833,1014.3511
2020-05-17 15:34:38,41.1639,37.5074,40.1438,19.0703,1013.8513,1014.3168
2020-05-17 15:34:44,41.6470,37.8646,40.6242,18.8074,1013.8255,1014.1984
2020-05-17 15:34:49,42.1210,38.2144,41.0944,18.4827,1013.7825,1014.1734
2020-05-17 15:34:53,42.5862,38.5589,41.5544,18.1921,1013.8657,1014.0538
2020-05-17 15:34:59,43.0434,38.9004,42.0060,18.0342,1013.7599,1013.9279
2020-05-17 15:35:04,43.4930,39.2376,42.4490,17.4569,1013.8446,1013.9350
2020-05-17 15:35:08,43.9329,39.5706,42.8833,17.0627,1013.8426,1013.9050
2020-05-17 15:35:14,44.3640,39.8974,43.3085,16.6728,1013.8447,1013.8599
2020-05-17 15:35:18,44.7848,40.2176,43.7237,16.3933,1013.8076,1013.7773
2020-05-17 15:35:23,45.1964,40.5324,44.1299,16.1026,1013.8858,1013.7807
2020-05-17 15:35:29,45.5996,40.8428,44.5285,15.9167,1013.8745,1013.7129
2020-05-17 15:35:33,45.9935,41.1479,44.9186,15.7741,1013.8564,1013.7005
2020-05-17 15:35:38,46.3780,41.4488,45.3006,15.4782,1013.8328,1013.5589
2020-05-17 15:35:44,46.7534,41.7452,45.6753,15.3087,1013.8183,1013.5749
2020-05-17 15:35:48,47.1205,42.0370,46.0422,15.1563,1013.8649,1013.4970
2020-05-17 15:35:54,47.4806,42.3264,46.4023,14.9924,1013.7495,1013.4546
2020-05-17 15:35:59,47.8338,42.6123,46.7556,14.7353,1013.8001,1013.3903
2020-05-17 15:36:04,48.1794,42.8941,47.1016,14.5633,1013.8453,1013.3400
2020-05-17 15:36:09,48.5180,43.1728,47.4412,14.2894,1013.8057,1013.2392
2020-05-17 15:36:14,48.8494,43.4477,47.7736,14.1222,1013.8073,1013.2246
2020-05-17 15:36:19,49.1723,43.7241,48.1007,13.3539,1013.8739,1013.2584
2020-05-17 15:36:24,49.5033,44.0109,48.4318,12.7455,1013.8826,1013.1781
2020-05-17 15:36:29,49.8452,44.3057,48.7675,12.3488,1013.7786,1013.0874
2020-05-17 15:36:34,50.1979,44.6064,49.1092,11.8763,1013.8132,1012.9823
2020-05-17 15:36:39,50.5624,44.9135,49.4570,11.3459,1013.8409,1012.8471
2020-05-17 15:36:43,50.9354,45.2241,49.8072,10.9856,1013.7256,1012.7837
2020-05-17 15:36:49,51.3110,45.5325,50.1588,10.7221,1013.8278,1012.6879
2020-05-17 15:36:54,51.6872,45.8415,50.5125,10.3340,1013.7043,1012.5255
2020-05-17 15:36:59,52.0632,46.1502,50.8672,10.1083,1013.7007,1012.5828
2020-05-17 15:37:04,52.4431,46.4591,51.2238,9.8356,1013.6995,1012.4039
2020-05-17 15:37:09,52.8218,46.7661,51.5801,9.5482,1013.7215,1012.2434
2020-05-17 15:37:14,53.1962,47.0711,51.9338,9.6087,1013.4380,1012.0574
2020-05-17 15:37:19,53.5591,47.3647,52.2791,10.4016,1013.4554,1012.0684
2020-05-17 15:37:24,53.9020,47.6450,52.6137,10.9282,1013.4981,1012.1081
2020-05-17 15:37:29,54.2255,47.9122,52.9372,11.3099,1013.4375,1012.0799
2020-05-17 15:37:34,54.5283,48.1658,53.2484,11.6977,1013.3735,1012.1130
2020-05-17 15:37:39,54.8124,48.4069,53.5481,11.9483,1013.3717,1012.1568
2020-05-17 15:37:44,55.0782,48.6360,53.8358,12.2197,1013.2909,1012.1311
2020-05-17 15:37:49,55.3252,48.8531,54.1115,12.4366,1013.2506,1012.2396
2020-05-17 15:37:54,55.5558,49.0598,54.3755,12.5585,1013.2893,1012.2135
2020-05-17 15:37:59,55.7702,49.2561,54.6275,12.6701,1013.2410,1012.2542
2020-05-17 15:38:04,55.9683,49.4424,54.8671,12.7673,1013.2005,1012.3114
2020-05-17 15:38:09,56.1529,49.6199,55.0958,12.8344,1013.1948,1012.3544
2020-05-17 15:38:14,56.3235,49.7887,55.3127,12.9413,1013.2050,1012.3721
2020-05-17 15:38:19,56.4796,49.9487,55.5177,13.0397,1013.1448,1012.4607
2020-05-17 15:38:24,56.6236,50.1016,55.7124,13.0778,1013.1533,1012.5597
2020-05-17 15:38:29,56.7558,50.2470,55.8957,13.1187,1013.1529,1012.5721
2020-05-17 15:38:34,56.8760,50.3850,56.0682,13.2163,1013.1233,1012.4950
2020-05-17 15:38:39,56.9862,50.5168,56.2311,13.1892,1013.1424,1012.5884
2020-05-17 15:38:44,57.0859,50.6422,56.3840,13.2729,1013.0789,1012.6810
2020-05-17 15:38:49,57.1761,50.7619,56.5278,13.2877,1013.0032,1012.7563
2020-05-17 15:38:54,57.2576,50.8759,56.6625,13.2924,1013.0985,1012.7584
2020-05-17 15:38:59,57.3302,50.9843,56.7883,13.3418,1012.9767,1012.7373
2020-05-17 15:39:04,57.3949,51.0879,56.9061,13.4039,1012.9942,1012.8151
2020-05-17 15:39:09,57.4522,51.1864,57.0159,13.4074,1013.0270,1012.8983
2020-05-17 15:39:15,57.5014,51.2803,57.1173,13.4460,1012.9456,1012.8790
2020-05-17 15:39:19,57.5439,51.3702,57.2117,13.4684,1013.0034,1013.0311
2020-05-17 15:39:24,57.5797,51.4559,57.2988,13.5380,1012.9582,1012.9802
2020-05-17 15:39:29,57.6088,51.5375,57.3786,13.5127,1012.9862,1012.9854
2020-05-17 15:39:34,57.6327,51.6152,57.4522,13.5490,1013.0102,1013.0054
2020-05-17 15:39:39,57.6509,51.6894,57.5196,13.5772,1012.9895,1013.0733
2020-05-17 15:39:44,57.6636,51.7599,57.5805,13.5880,1012.8788,1012.9604
2020-05-17 15:39:49,57.6717,51.8272,57.6360,13.5845,1012.8944,1013.1266
2020-05-17 15:39:54,57.6753,51.8911,57.6858,13.6461,1012.9660,1013.1967
2020-05-17 15:39:59,57.6746,51.9520,57.7301,13.6595,1012.8802,1013.1469
2020-05-17 15:40:04,57.6700,52.0099,57.7695,13.6865,1012.9970,1013.2097
2020-05-17 15:40:10,57.6613,52.0649,57.8036,13.7288,1012.9338,1013.1413
2020-05-17 15:40:14,57.6490,52.1172,57.8335,13.7346,1012.9658,1013.2193
2020-05-17 15:40:19,57.6332,52.1669,57.8588,13.7538,1012.9445,1013.2433
2020-05-17 15:40:25,57.6134,52.2136,57.8790,13.7978,1012.8962,1013.2055
2020-05-17 15:40:29,57.5906,52.2580,57.8953,13.8468,1012.8792,1013.2469
2020-05-17 15:40:34,57.5647,52.3002,57.9076,13.8396,1012.8336,1013.1975
2020-05-17 15:40:40,57.5358,52.3400,57.9160,13.8672,1012.8756,1013.2612
2020-05-17 15:40:44,57.5045,52.3777,57.9211,13.9088,1012.8546,1013.2941
2020-05-17 15:40:49,57.4708,52.4131,57.9229,13.9162,1012.9293,1013.3298
2020-05-17 15:40:55,57.4345,52.4467,57.9211,13.9470,1012.8667,1013.4420
2020-05-17 15:40:59,57.3963,52.4784,57.9164,13.9602,1012.8926,1013.3936
2020-05-17 15:41:05,57.3559,52.5079,57.9086,14.0170,1012.8616,1013.3559
2020-05-17 15:41:09,57.3135,52.5354,57.8977,14.0229,1012.7987,1013.3981
2020-05-17 15:41:14,57.2693,52.5612,57.8841,14.0833,1012.9103,1013.3552
2020-05-17 15:41:20,57.2231,52.5852,57.8678,14.0851,1012.9107,1013.3815
2020-05-17 15:41:24,57.1753,52.6074,57.8493,14.1527,1012.8273,1013.3424
2020-05-17 15:41:29,57.1258,52.6278,57.8283,14.1765,1012.8087,1013.4335
2020-05-17 15:41:35,57.0747,52.6464,57.8051,14.2371,1012.7907,1013.3530
2020-05-17 15:41:39,57.0224,52.6633,57.7801,14.2790,1012.7801,1013.3287
2020-05-17 15:41:44,56.9690,52.6787,57.7529,14.3572,1012.8508,1013.4123
2020-05-17 15:41:50,56.9140,52.6923,57.7237,14.3715,1012.8701,1013.4438
2020-05-17 15:41:54,56.8580,52.7046,57.6927,14.4178,1012.8441,1013.3743
2020-05-17 15:42:00,56.8009,52.7156,57.6599,14.4466,1012.8214,1013.3723
2020-05-17 15:42:05,56.7425,52.7251,57.6250,14.4973,1012.8286,1013.4730
2020-05-17 15:42:09,56.6832,52.7332,57.5887,14.5570,1012.8621,1013.4186
2020-05-17 15:42:15,56.6231,52.7399,57.5507,14.6014,1012.7843,1013.4712
2020-05-17 15:42:20,56.5619,52.7453,57.5111,14.6496,1012.8209,1013.3998
2020-05-17 15:42:24,56.4999,52.7496,57.4700,14.6834,1012.7943,1013.5047
2020-05-17 15:42:30,56.4371,52.7527,57.4276,14.7364,1012.8357,1013.5371
2020-05-17 15:42:35,56.3736,52.7549,57.3840,14.7578,1012.8653,1013.5885
2020-05-17 15:42:40,56.3094,52.7558,57.3391,14.8007,1012.8765,1013.4896
2020-05-17 15:42:45,56.2445,52.7556,57.2928,14.8773,1012.8015,1013.4617
2020-05-17 15:42:50,56.1793,52.7546,57.2454,14.8996,1012.7214,1013.5009
2020-05-17 15:42:55,56.1134,52.7524,57.1970,14.9661,1012.7853,1013.5365
2020-05-17 15:43:01,56.0469,52.7490,57.1474,15.0023,1012.7480,1013.4757
2020-05-17 15:43:05,55.9802,52.7447,57.0971,15.0417,1012.7572,1013.4380
2020-05-17 15:43:10,55.9131,52.7395,57.0458,15.0701,1012.8175,1013.5824
2020-05-17 15:43:15,55.8454,52.7334,56.9934,15.1040,1012.8099,1013.4777
2020-05-17 15:43:20,55.7774,52.7265,56.9404,15.2043,1012.7510,1013.4730
2020-05-17 15:43:25,55.7091,52.7187,56.8867,15.2280,1012.7976,1013.4718
2020-05-17 15:43:30,55.6405,52.7101,56.8322,15.2906,1012.7834,1013.5574
2020-05-17 15:43:35,55.5717,52.7006,56.7771,15.3257,1012.7984,1013.4890
2020-05-17 15:43:41,55.5026,52.6903,56.7211,15.3665,1012.8216,1013.5835
2020-05-17 15:43:45,55.4333,52.6791,56.6645,15.4203,1012.8280,1013.5517
2020-05-17 15:43:50,55.3637,52.6672,56.6074,15.4885,1012.8219,1013.5477
2020-05-17 15:43:56,55.2940,52.6545,56.5498,15.5484,1012.8000,1013.5044
2020-05-17 15:44:00,55.2241,52.6411,56.4916,15.5807,1012.7406,1013.4613
2020-05-17 15:44:05,55.1542,52.6271,56.4330,15.6275,1012.7914,1013.5806
2020-05-17 15:44:11,55.0841,52.6123,56.3739,15.6985,1012.7942,1013.5388
2020-05-17 15:44:15,55.0139,52.5968,56.3145,15.7427,1012.8553,1013.5156
2020-05-17 15:44:20,54.9436,52.5807,56.2546,15.7642,1012.8382,1013.5640
2020-05-17 15:44:26,54.8732,52.5639,56.1942,15.8164,1012.7929,1013.5865
2020-05-17 15:44:30,54.8028,52.5465,56.1334,15.8860,1012.8287,1013.5481
2020-05-17 15:44:36,54.7326,52.5285,56.0724,15.9623,1012.8478,1013.4946
2020-05-17 15:44:41,54.6622,52.5099,56.0110,15.9957,1012.8106,1013.4708
2020-05-17 15:44:45,54.5918,52.4906,55.9495,16.0532,1012.7817,1013.5374
2020-05-17 15:44:51,54.5214,52.4706,55.8875,16.1245,1012.7391,1013.5720
2020-05-17 15:44:56,54.4509,52.4500,55.8253,16.1691,1012.8108,1013.5701
2020-05-17 15:45:01,54.3805,52.4288,55.7629,16.2287,1012.7513,1013.5256
2020-05-17 15:45:06,54.3100,52.4070,55.7002,16.3034,1012.7751,1013.4491
2020-05-17 15:45:11,54.2395,52.3846,55.6374,16.3427,1012.7935,1013.5395
2020-05-17 15:45:16,54.1690,52.3618,55.5743,16.4003,1012.7838,1013.5277
2020-05-17 15:45:21,54.0986,52.3385,55.5110,16.4564,1012.7318,1013.5933
2020-05-17 15:45:26,54.0282,52.3149,55.4476,16.4922,1012.7578,1013.5430
2020-05-17 15:45:31,53.9579,52.2908,55.3841,16.5817,1012.7621,1013.5532
2020-05-17 15:45:36,53.8877,52.2663,55.3205,16.6065,1012.7826,1013.5856
2020-05-17 15:45:41,53.8176,52.2414,55.2567,16.6551,1012.8197,1013.5978
2020-05-17 15:45:46,53.7477,52.2159,55.1929,16.7641,1012.7903,1013.5748
2020-05-17 15:45:51,53.6777,52.1901,55.1290,16.8007,1012.7909,1013.5293
2020-05-17 15:45:56,53.6078,52.1638,55.0650,16.8693,1012.8336,1013.5815
2020-05-17 15:46:02,53.5381,52.1371,55.0008,16.9338,1012.7618,1013.5709
2020-05-17 15:46:07,53.4685,52.1099,54.9366,16.9640,1012.8545,1013.6199
2020-05-17 15:46:12,53.3990,52.0825,54.8724,17.0203,1012.7573,1013.5689
2020-05-17 15:46:17,53.3296,52.0545,54.8080,17.0902,1012.7858,1013.5655
2020-05-17 15:46:22,53.2604,52.0263,54.7436,17.1507,1012.7387,1013.5643
2020-05-17 15:46:27,53.1913,51.9975,54.6792,17.2212,1012.8061,1013.5005
2020-05-17 15:46:32,53.1223,51.9685,54.6147,17.2750,1012.7756,1013.5370
2020-05-17 15:46:37,53.0536,51.9392,54.5503,17.3305,1012.8065,1013.6706
2020-05-17 15:46:42,52.9849,51.9097,54.4859,17.3973,1012.7508,1013.5290
2020-05-17 15:46:47,52.9165,51.8799,54.4214,17.4466,1012.7816,1013.5849
2020-05-17 15:46:52,52.8482,51.8498,54.3571,17.4902,1012.7760,1013.5656
2020-05-17 15:46:57,52.7801,51.8192,54.2928,17.5726,1012.7313,1013.5341
2020-05-17 15:47:02,52.7122,51.7883,54.2285,17.6575,1012.7312,1013.5548
2020-05-17 15:47:07,52.6445,51.7571,54.1642,17.6876,1012.7032,1013.4979
2020-05-17 15:47:13,52.5770,51.7258,54.1000,17.7490,1012.7337,1013.5236
2020-05-17 15:47:17,52.5095,51.6943,54.0359,17.7909,1012.7697,1013.5815
2020-05-17 15:47:23,52.4423,51.6624,53.9718,17.8540,1012.7776,1013.5669
2020-05-17 15:47:28,52.3752,51.6302,53.9077,17.9277,1012.7716,1013.5349
2020-05-17 15:47:33,52.3084,51.5977,53.8436,17.9768,1012.7739,1013.6177
2020-05-17 15:47:38,52.2417,51.5651,53.7797,18.0297,1012.7875,1013.5080
2020-05-17 15:47:43,52.1752,51.5325,53.7158,18.0891,1012.7843,1013.5632
2020-05-17 15:47:48,52.1089,51.4995,53.6520,18.1454,1012.6973,1013.5508
2020-05-17 15:47:53,52.0428,51.4664,53.5884,18.1944,1012.7273,1013.5385
2020-05-17 15:47:58,51.9769,51.4330,53.5248,18.2549,1012.7739,1013.5385
2020-05-17 15:48:03,51.9112,51.3993,53.4614,18.3275,1012.7927,1013.5111
2020-05-17 15:48:09,51.8457,51.3654,53.3980,18.4072,1012.7778,1013.5235
2020-05-17 15:48:13,51.7803,51.3313,53.3347,18.4423,1012.7744,1013.5858
2020-05-17 15:48:18,51.7152,51.2972,53.2715,18.4895,1012.7431,1013.4833
2020-05-17 15:48:24,51.6502,51.2627,53.2084,18.5757,1012.7113,1013.5655
2020-05-17 15:48:29,51.5855,51.2282,53.1454,18.6226,1012.7440,1013.5528
2020-05-17 15:48:34,51.5210,51.1934,53.0825,18.6837,1012.7095,1013.5401
2020-05-17 15:48:39,51.4567,51.1585,53.0197,18.7613,1012.7252,1013.5672
2020-05-17 15:48:44,51.3926,51.1234,52.9570,18.8218,1012.8186,1013.4920
2020-05-17 15:48:49,51.3288,51.0882,52.8945,18.8826,1012.7645,1013.5265
2020-05-17 15:48:54,51.2651,51.0528,52.8320,18.9298,1012.7246,1013.4737
2020-05-17 15:48:59,51.2017,51.0171,52.7697,19.0273,1012.7370,1013.5306
2020-05-17 15:49:05,51.1385,50.9814,52.7075,19.0504,1012.7525,1013.4902
2020-05-17 15:49:10,51.0756,50.9455,52.6455,19.1357,1012.7092,1013.5745
2020-05-17 15:49:15,51.0128,50.9096,52.5836,19.1700,1012.7221,1013.4717
2020-05-17 15:49:20,50.9503,50.8735,52.5218,19.2467,1012.6711,1013.4935
2020-05-17 15:49:25,50.8880,50.8374,52.4602,19.2999,1012.7142,1013.4556
2020-05-17 15:49:30,50.8259,50.8011,52.3988,19.3407,1012.7102,1013.5123
2020-05-17 15:49:35,50.7640,50.7648,52.3375,19.4374,1012.7113,1013.5265
2020-05-17 15:49:40,50.7023,50.7284,52.2763,19.4532,1012.7047,1013.4761
2020-05-17 15:49:46,50.6408,50.6919,52.2154,19.5065,1012.6560,1013.5176
2020-05-17 15:49:51,50.5795,50.6553,52.1545,19.5790,1012.7401,1013.4920
2020-05-17 15:49:56,50.5185,50.6186,52.0938,19.6422,1012.7032,1013.5237
2020-05-17 15:50:01,50.4576,50.5818,52.0333,19.7085,1012.7040,1013.4357
2020-05-17 15:50:06,50.3970,50.5449,51.9730,19.7620,1012.7023,1013.5345
2020-05-17 15:50:11,50.3365,50.5078,51.9128,19.8207,1012.6980,1013.5087
2020-05-17 15:50:17,50.2763,50.4706,51.8527,19.8990,1012.6987,1013.4330
2020-05-17 15:50:21,50.2163,50.4334,51.7928,19.9451,1012.6557,1013.5467
2020-05-17 15:50:27,50.1564,50.3961,51.7330,20.0168,1012.6731,1013.5085
2020-05-17 15:50:32,50.0968,50.3588,51.6734,20.0685,1012.6939,1013.4826
2020-05-17 15:50:37,50.0374,50.3215,51.6139,20.1156,1012.7281,1013.5640
2020-05-17 15:50:42,49.9783,50.2840,51.5547,20.1922,1012.7236,1013.5578
2020-05-17 15:50:47,49.9193,50.2465,51.4956,20.2502,1012.7636,1013.5469
2020-05-17 15:50:52,49.8605,50.2089,51.4367,20.3209,1012.7229,1013.5236
2020-05-17 15:50:58,49.8020,50.1713,51.3779,20.3741,1012.7208,1013.4976
2020-05-17 15:51:03,49.7437,50.1337,51.3193,20.4368,1012.6920,1013.5638
2020-05-17 15:51:08,49.6856,50.0961,51.2609,20.4827,1012.7319,1013.5057
2020-05-17 15:51:13,49.6277,50.0584,51.2027,20.5486,1012.7874,1013.5021
2020-05-17 15:51:18,49.5700,50.0206,51.1446,20.6012,1012.8020,1013.5382
2020-05-17 15:51:23,49.5126,49.9828,51.0867,20.6521,1012.7371,1013.4875
2020-05-17 15:51:29,49.4552,49.9449,51.0289,20.7296,1012.8285,1013.5310
2020-05-17 15:51:34,49.3981,49.9071,50.9714,20.7754,1012.7576,1013.5226
2020-05-17 15:51:39,49.3412,49.8691,50.9140,20.8399,1012.7167,1013.5162
2020-05-17 15:51:44,49.2845,49.8313,50.8567,20.8854,1012.7647,1013.4456
2020-05-17 15:51:49,49.2280,49.7934,50.7996,20.9367,1012.7105,1013.5163
2020-05-17 15:51:55,49.1717,49.7554,50.7427,21.0079,1012.6996,1013.4655
2020-05-17 15:52:00,49.1155,49.7173,50.6859,21.0533,1012.6923,1013.6209
2020-05-17 15:52:05,49.0596,49.6793,50.6293,21.1170,1012.6765,1013.5201
2020-05-17 15:52:10,49.0039,49.6412,50.5729,21.1938,1012.7015,1013.5314
2020-05-17 15:52:15,48.9485,49.6031,50.5166,21.2459,1012.6412,1013.5427
2020-05-17 15:52:21,48.8932,49.5649,50.4605,21.2978,1012.6446,1013.5464
2020-05-17 15:52:26,48.8381,49.5267,50.4046,21.3623,1012.7331,1013.5030
2020-05-17 15:52:31,48.7832,49.4886,50.3489,21.4244,1012.7401,1013.5885
2020-05-17 15:52:36,48.7285,49.4504,50.2933,21.4761,1012.6882,1013.5376
2020-05-17 15:52:41,48.6740,49.4122,50.2379,21.5641,1012.7106,1013.5412
2020-05-17 15:52:46,48.6198,49.3741,50.1826,21.5974,1012.6755,1013.5401
2020-05-17 15:52:52,48.5656,49.3359,50.1275,21.6486,1012.6955,1013.5287
2020-05-17 15:52:57,48.5117,49.2977,50.0727,21.6881,1012.6795,1013.5003
2020-05-17 15:53:02,48.4581,49.2596,50.0179,21.7508,1012.6887,1013.4766
2020-05-17 15:53:07,48.4046,49.2214,49.9634,21.8146,1012.6834,1013.5375
2020-05-17 15:53:12,48.3513,49.1833,49.9091,21.8840,1012.7501,1013.5758
2020-05-17 15:53:18,48.2982,49.1451,49.8549,21.9722,1012.6727,1013.5990
2020-05-17 15:53:23,48.2453,49.1068,49.8009,22.0231,1012.7562,1013.6054
2020-05-17 15:53:28,48.1926,49.0686,49.7470,22.0751,1012.6872,1013.4801
2020-05-17 15:53:34,48.1402,49.0303,49.6934,22.1625,1012.7453,1013.4986
2020-05-17 15:53:38,48.0879,48.9921,49.6399,22.1887,1012.7161,1013.4702
2020-05-17 15:53:43,48.0358,48.9539,49.5866,22.2593,1012.7871,1013.5507
2020-05-17 15:53:49,47.9838,48.9157,49.5334,22.3149,1012.7472,1013.5268
2020-05-17 15:53:54,47.9320,48.8776,49.4804,22.3838,1012.7669,1013.5180
2020-05-17 15:54:00,47.8805,48.8394,49.4276,22.4417,1012.6702,1013.5364
2020-05-17 15:54:05,47.8291,48.8012,49.3750,22.5174,1012.6837,1013.5549
2020-05-17 15:54:10,47.7779,48.7630,49.3225,22.5734,1012.6545,1013.3629
2020-05-17 15:54:16,47.7269,48.7248,49.2701,22.6502,1012.7083,1013.4207
2020-05-17 15:54:20,47.6760,48.6866,49.2180,22.6938,1012.7235,1013.5555
2020-05-17 15:54:25,47.6254,48.6484,49.1660,22.7628,1012.7897,1013.5270
2020-05-17 15:54:31,47.5749,48.6102,49.1142,22.7960,1012.6907,1013.5528
2020-05-17 15:54:36,47.5246,48.5721,49.0625,22.8824,1012.7186,1013.4698
2020-05-17 15:54:42,47.4745,48.5340,49.0110,22.9264,1012.6893,1013.5003
2020-05-17 15:54:47,47.4246,48.4960,48.9597,22.9648,1012.7257,1013.5684
2020-05-17 15:54:52,47.3749,48.4580,48.9086,23.0207,1012.7238,1013.5201
2020-05-17 15:54:58,47.3253,48.4200,48.8576,23.0960,1012.7180,1013.5580
2020-05-17 15:55:03,47.2759,48.3820,48.8068,23.1529,1012.7565,1013.5596
2020-05-17 15:55:08,47.2267,48.3441,48.7562,23.1908,1012.6995,1013.5038
2020-05-17 15:55:13,47.1777,48.3062,48.7057,23.2603,1012.7677,1013.4797
2020-05-17 15:55:18,47.1288,48.2684,48.6553,23.3222,1012.7574,1013.5674
2020-05-17 15:55:24,47.0801,48.2306,48.6052,23.3659,1012.8189,1013.5613
2020-05-17 15:55:29,47.0317,48.1928,48.5552,23.4161,1012.8001,1013.5719
2020-05-17 15:55:34,46.9833,48.1551,48.5053,23.4776,1012.7516,1013.5433
2020-05-17 15:55:40,46.9352,48.1175,48.4557,23.5348,1012.7730,1013.5221
2020-05-17 15:55:45,46.8872,48.0799,48.4061,23.5903,1012.8345,1013.5704
2020-05-17 15:55:50,46.8394,48.0424,48.3568,23.6226,1012.8156,1013.5765
2020-05-17 15:55:56,46.7918,48.0049,48.3076,23.7214,1012.7270,1013.5251
2020-05-17 15:56:01,46.7443,47.9673,48.2586,23.7718,1012.7546,1013.5462
2020-05-17 15:56:06,46.6971,47.9299,48.2097,23.8217,1012.6892,1013.4782
2020-05-17 15:56:11,46.6500,47.8924,48.1610,23.8843,1012.7548,1013.5310
2020-05-17 15:56:16,46.6030,47.8551,48.1125,23.9094,1012.8141,1013.5762
2020-05-17 15:56:22,46.5562,47.8178,48.0641,24.0013,1012.7867,1013.5550
2020-05-17 15:56:27,46.5096,47.7805,48.0158,24.0581,1012.8163,1013.5760
2020-05-17 15:56:32,46.4632,47.7433,47.9678,24.1010,1012.7931,1013.5352
2020-05-17 15:56:38,46.4169,47.7061,47.9198,24.1454,1012.8121,1013.6150
2020-05-17 15:56:43,46.3707,47.6690,47.8720,24.2137,1012.8036,1013.5817
2020-05-17 15:56:48,46.3247,47.6320,47.8244,24.2627,1012.8269,1013.5801
2020-05-17 15:56:54,46.2789,47.5950,47.7770,24.3188,1012.7444,1013.5272
2020-05-17 15:56:59,46.2332,47.5581,47.7297,24.3735,1012.7761,1013.5451
2020-05-17 15:57:05,46.1877,47.5212,47.6825,24.4230,1012.8014,1013.5857
2020-05-17 15:57:10,46.1424,47.4845,47.6355,24.4672,1012.7739,1013.6414
2020-05-17 15:57:15,46.0972,47.4477,47.5887,24.5231,1012.7548,1013.6744
2020-05-17 15:57:21,46.0521,47.4111,47.5420,24.5605,1012.8160,1013.6184
2020-05-17 15:57:26,46.0072,47.3745,47.4955,24.6100,1012.7588,1013.5579
2020-05-17 15:57:31,45.9625,47.3380,47.4491,24.6476,1012.7566,1013.5637
2020-05-17 15:57:37,45.9180,47.3015,47.4029,24.7145,1012.7988,1013.6269
2020-05-17 15:57:42,45.8737,47.2652,47.3568,24.7640,1012.7691,1013.5588
2020-05-17 15:57:47,45.8295,47.2289,47.3109,24.8377,1012.7689,1013.5918
2020-05-17 15:57:52,45.7854,47.1926,47.2651,24.8935,1012.8321,1013.5659
2020-05-17 15:57:58,45.7416,47.1564,47.2195,24.9368,1012.7834,1013.6064
2020-05-17 15:58:04,45.6978,47.1202,47.1741,24.9992,1012.7578,1013.5579
2020-05-17 15:58:09,45.6543,47.0840,47.1288,25.0541,1012.7724,1013.6091
2020-05-17 15:58:14,45.6109,47.0479,47.0837,25.1039,1012.6709,1013.4911
2020-05-17 15:58:20,45.5676,47.0119,47.0387,25.1590,1012.7319,1013.6010
2020-05-17 15:58:25,45.5246,46.9759,46.9938,25.2018,1012.7823,1013.5752
2020-05-17 15:58:31,45.4816,46.9400,46.9491,25.2701,1012.7841,1013.5613
2020-05-17 15:58:36,45.4389,46.9042,46.9046,25.3131,1012.7712,1013.6440
2020-05-17 15:58:41,45.3962,46.8684,46.8602,25.3683,1012.7140,1013.6226
2020-05-17 15:58:47,45.3538,46.8327,46.8160,25.4113,1012.7560,1013.5620
2020-05-17 15:58:52,45.3115,46.7971,46.7719,25.4541,1012.7790,1013.6447
2020-05-17 15:58:58,45.2693,46.7615,46.7279,25.5280,1012.8165,1013.5463
2020-05-17 15:59:03,45.2273,46.7259,46.6840,25.5773,1012.7593,1013.5898
2020-05-17 15:59:08,45.1854,46.6904,46.6403,25.6623,1012.7210,1013.5368
2020-05-17 15:59:14,45.1437,46.6550,46.5968,25.7120,1012.7480,1013.5696
2020-05-17 15:59:19,45.1020,46.6196,46.5534,25.7550,1012.7625,1013.5708
2020-05-17 15:59:25,45.0606,46.5842,46.5101,25.8103,1012.7242,1013.5027
2020-05-17 15:59:30,45.0193,46.5489,46.4669,25.8831,1012.7491,1013.4843
2020-05-17 15:59:35,44.9781,46.5137,46.4239,25.9262,1012.7003,1013.5246
2020-05-17 15:59:41,44.9371,46.4784,46.3811,25.9939,1012.7187,1013.6116
2020-05-17 15:59:46,44.8962,46.4433,46.3383,26.0310,1012.7247,1013.5044
2020-05-17 15:59:52,44.8555,46.4083,46.2957,26.0799,1012.7855,1013.4243
2020-05-17 15:59:57,44.8149,46.3733,46.2533,26.1167,1012.8083,1013.4797
2020-05-17 16:00:02,44.7744,46.3383,46.2110,26.1533,1012.7575,1013.5155
2020-05-17 16:00:08,44.7341,46.3035,46.1688,26.2146,1012.7654,1013.5514
2020-05-17 16:00:14,44.6939,46.2686,46.1268,26.2697,1012.7544,1013.5721
2020-05-17 16:00:19,44.6539,46.2338,46.0849,26.3554,1012.7284,1013.5657
2020-05-17 16:00:25,44.6140,46.1991,46.0432,26.4096,1012.7323,1013.5713
2020-05-17 16:00:30,44.5742,46.1644,46.0016,26.4340,1012.7532,1013.5529
2020-05-17 16:00:36,44.5346,46.1299,45.9601,26.4828,1012.7591,1013.4955
2020-05-17 16:00:41,44.4951,46.0954,45.9188,26.5141,1012.7291,1013.5433
2020-05-17 16:00:46,44.4557,46.0610,45.8776,26.5809,1012.7539,1013.5173
2020-05-17 16:00:52,44.4165,46.0267,45.8365,26.6349,1012.7663,1013.5456
2020-05-17 16:00:57,44.3774,45.9925,45.7956,26.6839,1012.7089,1013.4850
2020-05-17 16:01:03,44.3384,45.9583,45.7548,26.7503,1012.7506,1013.5479
2020-05-17 16:01:09,44.2995,45.9241,45.7142,26.7935,1012.6847,1013.5490
2020-05-17 16:01:14,44.2608,45.8901,45.6737,26.8479,1012.7075,1013.5111
2020-05-17 16:01:20,44.2223,45.8561,45.6332,26.9029,1012.7511,1013.5046
2020-05-17 16:01:25,44.1839,45.8222,45.5930,26.9452,1012.7003,1013.4787
2020-05-17 16:01:31,44.1456,45.7883,45.5528,26.9818,1012.7504,1013.5069
2020-05-17 16:01:36,44.1074,45.7545,45.5128,27.0663,1012.6845,1013.5502
2020-05-17 16:01:41,44.0693,45.7208,45.4730,27.0969,1012.7157,1013.5243
2020-05-17 16:01:48,44.0314,45.6872,45.4332,27.1397,1012.6941,1013.5178
2020-05-17 16:01:53,43.9936,45.6536,45.3936,27.2118,1012.6810,1013.4723
2020-05-17 16:01:59,43.9559,45.6201,45.3542,27.2600,1012.7669,1013.5156
2020-05-17 16:02:04,43.9184,45.5867,45.3148,27.2968,1012.7264,1013.6055
2020-05-17 16:02:09,43.8810,45.5534,45.2756,27.3574,1012.8057,1013.5643
2020-05-17 16:02:15,43.8437,45.5200,45.2365,27.4182,1012.7398,1013.5459
2020-05-17 16:02:21,43.8065,45.4868,45.1975,27.4544,1012.6974,1013.4658
2020-05-17 16:02:26,43.7694,45.4537,45.1586,27.5025,1012.6739,1013.5210
2020-05-17 16:02:32,43.7325,45.4206,45.1199,27.5513,1012.6438,1013.4712
2020-05-17 16:02:37,43.6956,45.3876,45.0813,27.5761,1012.6664,1013.5231
2020-05-17 16:02:44,43.6590,45.3546,45.0428,27.6484,1012.6910,1013.5469
2020-05-17 16:02:49,43.6224,45.3218,45.0044,27.6905,1012.7579,1013.4592
2020-05-17 16:02:54,43.5859,45.2890,44.9661,27.7393,1012.7004,1013.5219
2020-05-17 16:03:00,43.5496,45.2562,44.9280,27.7933,1012.7315,1013.5035
2020-05-17 16:03:05,43.5133,45.2236,44.8900,27.8477,1012.7372,1013.4775
2020-05-17 16:03:12,43.4773,45.1910,44.8521,27.9141,1012.7344,1013.4666
2020-05-17 16:03:17,43.4413,45.1584,44.8143,27.9385,1012.7193,1013.5445
2020-05-17 16:03:23,43.4054,45.1259,44.7767,28.0104,1012.7607,1013.5109
2020-05-17 16:03:28,43.3697,45.0935,44.7391,28.0295,1012.7390,1013.5736
2020-05-17 16:03:34,43.3341,45.0612,44.7017,28.0893,1012.7154,1013.4740
2020-05-17 16:03:40,43.2986,45.0289,44.6644,28.1318,1012.7295,1013.5367
2020-05-17 16:03:45,43.2632,44.9967,44.6272,28.1919,1012.7436,1013.5182
2020-05-17 16:03:51,43.2279,44.9646,44.5902,28.2458,1012.7473,1013.5268
2020-05-17 16:03:56,43.1928,44.9326,44.5533,28.2702,1012.7049,1013.5776
2020-05-17 16:04:02,43.1578,44.9006,44.5164,28.3124,1012.7002,1013.4855
2020-05-17 16:04:08,43.1229,44.8687,44.4797,28.3845,1012.7603,1013.5254
2020-05-17 16:04:13,43.0881,44.8369,44.4431,28.4211,1012.7386,1013.4681
2020-05-17 16:04:19,43.0535,44.8051,44.4067,28.4869,1012.7611,1013.5577
2020-05-17 16:04:25,43.0190,44.7734,44.3703,28.5236,1012.7394,1013.6009
2020-05-17 16:04:30,42.9845,44.7417,44.3341,28.5773,1012.7788,1013.5976
2020-05-17 16:04:36,42.9502,44.7101,44.2979,28.6369,1012.7910,1013.6180
2020-05-17 16:04:42,42.9160,44.6787,44.2619,28.6729,1012.7759,1013.5293
2020-05-17 16:04:47,42.8819,44.6472,44.2260,28.7098,1012.7644,1013.6308
2020-05-17 16:04:53,42.8479,44.6159,44.1903,28.7697,1012.7869,1013.6005
2020-05-17 16:04:58,42.8140,44.5845,44.1546,28.8416,1012.7105,1013.5820
2020-05-17 16:05:05,42.7802,44.5533,44.1190,28.8776,1012.7773,1013.5483
2020-05-17 16:05:10,42.7466,44.5222,44.0836,28.9195,1012.6802,1013.5872
2020-05-17 16:05:16,42.7130,44.4911,44.0483,28.9617,1012.7846,1013.5535
2020-05-17 16:05:22,42.6796,44.4601,44.0130,29.0099,1012.7167,1013.5578
2020-05-17 16:05:27,42.6463,44.4291,43.9779,29.0694,1012.7288,1013.5739
2020-05-17 16:05:33,42.6130,44.3982,43.9429,29.1174,1012.7785,1013.5435
2020-05-17 16:05:39,42.5799,44.3674,43.9080,29.1535,1012.7276,1013.4828
2020-05-17 16:05:45,42.5469,44.3366,43.8732,29.2134,1012.7142,1013.5335
2020-05-17 16:05:50,42.5141,44.3059,43.8386,29.2378,1012.6906,1013.5690
2020-05-17 16:05:56,42.4813,44.2754,43.8040,29.2852,1012.7197,1013.5387
2020-05-17 16:06:02,42.4486,44.2448,43.7696,29.3394,1012.6978,1013.4467
2020-05-17 16:06:07,42.4160,44.2144,43.7352,29.3576,1012.7457,1013.5784
2020-05-17 16:06:13,42.3835,44.1841,43.7010,29.4404,1012.7390,1013.5869
2020-05-17 16:06:19,42.3511,44.1538,43.6669,29.4531,1012.7342,1013.5295
2020-05-17 16:06:24,42.3188,44.1236,43.6328,29.5125,1012.7190,1013.5650
2020-05-17 16:06:30,42.2866,44.0935,43.5989,29.5606,1012.7056,1013.4730
2020-05-17 16:06:36,42.2545,44.0634,43.5651,29.5848,1012.7177,1013.5507
2020-05-17 16:06:42,42.2226,44.0334,43.5314,29.6266,1012.8116,1013.6014
2020-05-17 16:06:47,42.1907,44.0035,43.4978,29.7100,1012.6806,1013.5288
2020-05-17 16:06:53,42.1590,43.9736,43.4643,29.7406,1012.6860,1013.5913
2020-05-17 16:06:59,42.1273,43.9438,43.4309,29.8060,1012.7441,1013.5610
2020-05-17 16:07:05,42.0957,43.9140,43.3976,29.8303,1012.7477,1013.5770
2020-05-17 16:07:11,42.0643,43.8844,43.3644,29.8955,1012.7597,1013.5660
2020-05-17 16:07:16,42.0329,43.8548,43.3313,29.9316,1012.7275,1013.5627
2020-05-17 16:07:22,42.0016,43.8252,43.2983,29.9970,1012.7038,1013.5711
2020-05-17 16:07:28,41.9704,43.7957,43.2654,30.0213,1012.6529,1013.5407
2020-05-17 16:07:34,41.9393,43.7663,43.2326,30.0631,1012.7382,1013.6218
2020-05-17 16:07:40,41.9084,43.7370,43.1999,30.1167,1012.6872,1013.6074
2020-05-17 16:07:45,41.8775,43.7077,43.1673,30.1583,1012.7350,1013.5382
2020-05-17 16:07:52,41.8467,43.6785,43.1348,30.2116,1012.6738,1013.5121
2020-05-17 16:07:57,41.8160,43.6494,43.1025,30.2243,1012.6688,1013.5357
2020-05-17 16:08:03,41.7855,43.6203,43.0702,30.3013,1012.6724,1013.4901
2020-05-17 16:08:09,41.7550,43.5913,43.0380,30.3487,1012.6384,1013.5753
2020-05-17 16:08:14,41.7246,43.5624,43.0059,30.3851,1012.6709,1013.5373
2020-05-17 16:08:21,41.6943,43.5335,42.9739,30.4146,1012.6540,1013.5685
2020-05-17 16:08:26,41.6642,43.5047,42.9420,30.4740,1012.6575,1013.5306
2020-05-17 16:08:32,41.6341,43.4760,42.9102,30.5217,1012.6610,1013.5078
2020-05-17 16:08:38,41.6041,43.4474,42.8785,30.5634,1012.6458,1013.4926
2020-05-17 16:08:44,41.5742,43.4188,42.8469,30.6108,1012.7208,1013.5550
2020-05-17 16:08:50,41.5443,43.3903,42.8154,30.6468,1012.6885,1013.5170
2020-05-17 16:08:55,41.5146,43.3618,42.7840,30.6709,1012.6733,1013.5794
2020-05-17 16:09:02,41.4850,43.3335,42.7527,30.7188,1012.6053,1013.5566
2020-05-17 16:09:07,41.4555,43.3051,42.7215,30.7543,1012.6615,1013.4798
2020-05-17 16:09:13,41.4260,43.2769,42.6904,30.8313,1012.6565,1013.4806
2020-05-17 16:09:19,41.3966,43.2487,42.6593,30.8496,1012.6600,1013.4578
2020-05-17 16:09:25,41.3674,43.2206,42.6284,30.9147,1012.7265,1013.4814
2020-05-17 16:09:31,41.3382,43.1925,42.5975,30.9267,1012.7912,1013.5126
2020-05-17 16:09:37,41.3091,43.1645,42.5668,30.9800,1012.7214,1013.5632
2020-05-17 16:09:43,41.2801,43.1366,42.5361,31.0333,1012.6517,1013.5522
2020-05-17 16:09:49,41.2512,43.1088,42.5056,31.0692,1012.7096,1013.4948
2020-05-17 16:09:54,41.2224,43.0810,42.4751,31.1169,1012.7046,1013.5335
2020-05-17 16:10:01,41.1936,43.0533,42.4447,31.1586,1012.7081,1013.5689
2020-05-17 16:10:06,41.1650,43.0256,42.4144,31.2178,1012.7115,1013.5115
2020-05-17 16:10:13,41.1364,42.9980,42.3842,31.2770,1012.6690,1013.4811
2020-05-17 16:10:18,41.1079,42.9704,42.3541,31.3069,1012.6538,1013.5047
2020-05-17 16:10:24,41.0795,42.9429,42.3241,31.3485,1012.7116,1013.5089
2020-05-17 16:10:30,41.0512,42.9155,42.2942,31.4195,1012.6879,1013.4709
2020-05-17 16:10:36,41.0230,42.8881,42.2643,31.4494,1012.6369,1013.5366
2020-05-17 16:10:42,40.9949,42.8608,42.2346,31.4732,1012.7475,1013.5871
2020-05-17 16:10:48,40.9669,42.8336,42.2049,31.5320,1012.7305,1013.6107
2020-05-17 16:10:54,40.9389,42.8065,42.1753,31.5679,1012.6710,1013.6114
2020-05-17 16:11:00,40.9110,42.7794,42.1458,31.6208,1012.7084,1013.4807
2020-05-17 16:11:05,40.8832,42.7524,42.1164,31.6326,1012.7543,1013.6350
2020-05-17 16:11:12,40.8555,42.7255,42.0871,31.6684,1012.7033,1013.5970
2020-05-17 16:11:18,40.8279,42.6986,42.0578,31.7275,1012.7152,1013.6205
2020-05-17 16:11:24,40.8003,42.6718,42.0287,31.7748,1012.7271,1013.6247
2020-05-17 16:11:30,40.7728,42.6451,41.9996,31.7868,1012.7833,1013.6828
2020-05-17 16:11:36,40.7455,42.6185,41.9707,31.8459,1012.7408,1013.5984
2020-05-17 16:11:42,40.7182,42.5919,41.9418,31.8816,1012.6438,1013.6143
2020-05-17 16:11:47,40.6910,42.5653,41.9130,31.8994,1012.6999,1013.5915
2020-05-17 16:11:54,40.6638,42.5389,41.8843,31.9586,1012.7850,1013.6303
2020-05-17 16:11:59,40.6368,42.5125,41.8556,32.0117,1012.7782,1013.6731
2020-05-17 16:12:06,40.6098,42.4861,41.8271,32.0650,1012.7731,1013.6234
2020-05-17 16:12:12,40.5829,42.4598,41.7986,32.1063,1012.7475,1013.6199
2020-05-17 16:12:18,40.5561,42.4336,41.7703,32.1479,1012.8053,1013.6317
2020-05-17 16:12:24,40.5294,42.4074,41.7420,32.1835,1012.7628,1013.6013
2020-05-17 16:12:29,40.5028,42.3813,41.7137,32.2133,1012.7203,1013.6517
2020-05-17 16:12:36,40.4762,42.3552,41.6856,32.2665,1012.7509,1013.6946
2020-05-17 16:12:42,40.4497,42.3292,41.6575,32.3077,1012.7253,1013.5716
2020-05-17 16:12:48,40.4233,42.3033,41.6296,32.3490,1012.7542,1013.5992
2020-05-17 16:12:54,40.3969,42.2774,41.6017,32.3964,1012.7576,1013.6186
2020-05-17 16:13:00,40.3707,42.2515,41.5739,32.4435,1012.7508,1013.6573
2020-05-17 16:13:06,40.3445,42.2258,41.5461,32.5143,1012.7541,1013.6462
2020-05-17 16:13:12,40.3184,42.2000,41.5185,32.5381,1012.7473,1013.6310
2020-05-17 16:13:18,40.2924,42.1744,41.4909,32.5973,1012.7880,1013.6814
2020-05-17 16:13:24,40.2665,42.1488,41.4634,32.6560,1012.7982,1013.6123
2020-05-17 16:13:31,40.2406,42.1232,41.4360,32.6739,1012.7370,1013.6897
2020-05-17 16:13:36,40.2148,42.0978,41.4087,32.7035,1012.8389,1013.7554
2020-05-17 16:13:43,40.1891,42.0724,41.3814,32.7625,1012.7607,1013.6171
2020-05-17 16:13:48,40.1634,42.0470,41.3543,32.7979,1012.7080,1013.5598
2020-05-17 16:13:54,40.1379,42.0217,41.3272,32.8391,1012.8099,1013.5908
2020-05-17 16:14:01,40.1124,41.9964,41.3002,32.8863,1012.7759,1013.5874
2020-05-17 16:14:07,40.0870,41.9713,41.2732,32.9393,1012.7605,1013.6337
2020-05-17 16:14:13,40.0617,41.9461,41.2464,32.9630,1012.7894,1013.6378
2020-05-17 16:14:19,40.0365,41.9211,41.2196,33.0041,1012.8182,1013.6150
2020-05-17 16:14:26,40.0113,41.8961,41.1929,33.0337,1012.8114,1013.6232
2020-05-17 16:14:31,39.9862,41.8712,41.1663,33.0865,1012.7672,1013.6039
2020-05-17 16:14:37,39.9612,41.8463,41.1398,33.1220,1012.6974,1013.6619
2020-05-17 16:14:44,39.9362,41.8215,41.1133,33.1457,1012.7449,1013.6087
2020-05-17 16:14:50,39.9114,41.7968,41.0869,33.1810,1012.8281,1013.6398
2020-05-17 16:14:56,39.8866,41.7721,41.0606,33.2397,1012.7754,1013.6321
2020-05-17 16:15:02,39.8619,41.7476,41.0344,33.2691,1012.7312,1013.6632
2020-05-17 16:15:09,39.8372,41.7230,41.0082,33.3104,1012.7159,1013.5402
2020-05-17 16:15:14,39.8127,41.6985,40.9821,33.3398,1012.7532,1013.6058
2020-05-17 16:15:21,39.7882,41.6741,40.9561,33.3929,1012.7837,1013.5871
2020-05-17 16:15:27,39.7638,41.6498,40.9302,33.4338,1012.8024,1013.5602
2020-05-17 16:15:33,39.7394,41.6255,40.9043,33.4517,1012.7683,1013.6106
2020-05-17 16:15:39,39.7151,41.6013,40.8785,33.4870,1012.8243,1013.6417
2020-05-17 16:15:45,39.6909,41.5771,40.8528,33.5282,1012.7903,1013.6727
2020-05-17 16:15:52,39.6668,41.5530,40.8272,33.5751,1012.8276,1013.6423
2020-05-17 16:15:58,39.6427,41.5290,40.8016,33.6341,1012.8224,1013.6692
2020-05-17 16:16:04,39.6187,41.5050,40.7761,33.6692,1012.7595,1013.6388
2020-05-17 16:16:10,39.5948,41.4810,40.7507,33.7104,1012.7985,1013.6042
2020-05-17 16:16:16,39.5709,41.4572,40.7254,33.7341,1012.6829,1013.6892
2020-05-17 16:16:23,39.5471,41.4334,40.7001,33.7751,1012.8374,1013.5972
2020-05-17 16:16:28,39.5234,41.4096,40.6750,33.8162,1012.7490,1013.6587
2020-05-17 16:16:35,39.4998,41.3859,40.6498,33.8280,1012.7677,1013.7015
2020-05-17 16:16:41,39.4762,41.3623,40.6248,33.8986,1012.8168,1013.6517
2020-05-17 16:16:48,39.4527,41.3387,40.5998,33.8814,1012.7284,1013.5750
2020-05-17 16:16:53,39.4293,41.3152,40.5749,33.9869,1012.7674,1013.6289
2020-05-17 16:17:00,39.4059,41.2917,40.5501,33.9927,1012.7130,1013.6986
2020-05-17 16:17:06,39.3826,41.2683,40.5253,34.0396,1012.7962,1013.6910
2020-05-17 16:17:12,39.3593,41.2449,40.5006,34.0808,1012.7536,1013.6951
2020-05-17 16:17:19,39.3362,41.2216,40.4760,34.1279,1012.7654,1013.6377
2020-05-17 16:17:25,39.3131,41.1984,40.4514,34.1689,1012.7755,1013.6494
2020-05-17 16:17:31,39.2900,41.1752,40.4269,34.2100,1012.7686,1013.6998
2020-05-17 16:17:37,39.2670,41.1521,40.4025,34.2450,1012.7958,1013.6729
2020-05-17 16:17:44,39.2441,41.1290,40.3782,34.2805,1012.7990,1013.6770
2020-05-17 16:17:50,39.2213,41.1060,40.3539,34.3506,1012.7905,1013.7501
2020-05-17 16:17:56,39.1985,41.0830,40.3297,34.3335,1012.7394,1013.6389
2020-05-17 16:18:02,39.1757,41.0601,40.3056,34.3803,1012.8667,1013.6851
2020-05-17 16:18:09,39.1531,41.0373,40.2815,34.4389,1012.8241,1013.7431
2020-05-17 16:18:15,39.1305,41.0145,40.2575,34.4742,1012.8529,1013.6664
2020-05-17 16:18:21,39.1079,40.9918,40.2336,34.5092,1012.8172,1013.6705
2020-05-17 16:18:28,39.0855,40.9691,40.2097,34.5447,1012.8476,1013.6705
2020-05-17 16:18:34,39.0631,40.9464,40.1859,34.5739,1012.7848,1013.6939
2020-05-17 16:18:41,39.0408,40.9239,40.1622,34.6326,1012.7609,1013.6248
2020-05-17 16:18:46,39.0185,40.9014,40.1385,34.6736,1012.8253,1013.5944
2020-05-17 16:18:53,38.9963,40.8789,40.1149,34.7027,1012.8525,1013.6406
2020-05-17 16:18:59,38.9742,40.8565,40.0914,34.7263,1012.8184,1013.6254
2020-05-17 16:19:05,38.9521,40.8341,40.0679,34.7789,1012.7742,1013.6564
2020-05-17 16:19:12,38.9301,40.8118,40.0445,34.8142,1012.7945,1013.6488
2020-05-17 16:19:18,38.9081,40.7896,40.0212,34.8319,1012.8775,1013.7067
2020-05-17 16:19:25,38.8863,40.7674,39.9979,34.8786,1012.8147,1013.6646
2020-05-17 16:19:31,38.8644,40.7453,39.9747,34.9080,1012.7806,1013.6880
2020-05-17 16:19:37,38.8427,40.7232,39.9516,34.9726,1012.8025,1013.6189
2020-05-17 16:19:43,38.8210,40.7012,39.9285,34.9785,1012.8211,1013.6652
2020-05-17 16:19:50,38.7993,40.6792,39.9055,35.0369,1012.8584,1013.6347
2020-05-17 16:19:56,38.7777,40.6573,39.8825,35.0545,1012.8413,1013.6657
2020-05-17 16:20:02,38.7562,40.6354,39.8596,35.1248,1012.8174,1013.6388
2020-05-17 16:20:09,38.7348,40.6136,39.8368,35.1424,1012.8360,1013.6698
2020-05-17 16:20:15,38.7134,40.5919,39.8140,35.1774,1012.8546,1013.6200
2020-05-17 16:20:22,38.6921,40.5701,39.7913,35.2243,1012.8935,1013.8085
2020-05-17 16:20:28,38.6708,40.5485,39.7687,35.2593,1012.8578,1013.7049
2020-05-17 16:20:35,38.6496,40.5269,39.7461,35.2828,1012.8051,1013.7089
2020-05-17 16:20:41,38.6284,40.5053,39.7236,35.3238,1012.8339,1013.7897
2020-05-17 16:20:47,38.6073,40.4839,39.7012,35.3590,1012.8270,1013.7323
2020-05-17 16:20:53,38.5862,40.4624,39.6788,35.3881,1012.8626,1013.6516
2020-05-17 16:21:00,38.5653,40.4410,39.6565,35.4175,1012.8557,1013.6902
2020-05-17 16:21:06,38.5443,40.4197,39.6342,35.4116,1012.8014,1013.6750
2020-05-17 16:21:13,38.5235,40.3985,39.6120,35.4993,1012.8131,1013.7136
2020-05-17 16:21:19,38.5027,40.3773,39.5899,35.5227,1012.8503,1013.7252
2020-05-17 16:21:25,38.4820,40.3561,39.5678,35.5695,1012.8519,1013.6486
2020-05-17 16:21:32,38.4613,40.3350,39.5458,35.5987,1012.8620,1013.6948
2020-05-17 16:21:38,38.4406,40.3139,39.5239,35.6397,1012.8280,1013.7141
2020-05-17 16:21:45,38.4201,40.2929,39.5020,35.6573,1012.8466,1013.6643
2020-05-17 16:21:51,38.3996,40.2719,39.4802,35.6982,1012.8210,1013.6760
2020-05-17 16:21:58,38.3791,40.2510,39.4584,35.7450,1012.8226,1013.6339
2020-05-17 16:22:04,38.3587,40.2302,39.4367,35.7800,1012.8598,1013.7187
2020-05-17 16:22:11,38.3384,40.2094,39.4151,35.7977,1012.7986,1013.6151
2020-05-17 16:22:17,38.3181,40.1886,39.3935,35.8385,1012.8258,1013.6958
2020-05-17 16:22:23,38.2978,40.1680,39.3720,35.8619,1012.8087,1013.6385
2020-05-17 16:22:30,38.2777,40.1473,39.3505,35.9204,1012.8747,1013.7578
2020-05-17 16:22:36,38.2575,40.1267,39.3291,35.9263,1012.8576,1013.7309
2020-05-17 16:22:43,38.2375,40.1061,39.3077,35.9789,1012.8592,1013.6618
2020-05-17 16:22:49,38.2175,40.0856,39.2864,36.0140,1012.8337,1013.7080
2020-05-17 16:22:56,38.1975,40.0652,39.2652,36.0257,1012.7437,1013.6583
2020-05-17 16:23:02,38.1776,40.0447,39.2440,36.0957,1012.8267,1013.6852
2020-05-17 16:23:09,38.1578,40.0244,39.2229,36.1132,1012.8368,1013.6547
2020-05-17 16:23:15,38.1380,40.0041,39.2018,36.1366,1012.8469,1013.6781
2020-05-17 16:23:22,38.1182,39.9838,39.1808,36.1716,1012.8113,1013.7319
2020-05-17 16:23:28,38.0985,39.9636,39.1598,36.2068,1012.7873,1013.7167
2020-05-17 16:23:35,38.0789,39.9435,39.1389,36.2475,1012.8500,1013.6400
2020-05-17 16:23:41,38.0593,39.9234,39.1180,36.2767,1012.8873,1013.7131
2020-05-17 16:23:47,38.0398,39.9033,39.0972,36.2885,1012.8702,1013.6786
2020-05-17 16:23:54,38.0203,39.8833,39.0765,36.3466,1012.7888,1013.6826
2020-05-17 16:24:00,38.0009,39.8634,39.0558,36.3759,1012.9260,1013.6522
2020-05-17 16:24:07,37.9815,39.8435,39.0352,36.4167,1012.8276,1013.6445
2020-05-17 16:24:13,37.9622,39.8237,39.0146,36.4518,1012.8834,1013.6867
2020-05-17 16:24:20,37.9429,39.8039,38.9941,36.4869,1012.9307,1013.6638
2020-05-17 16:24:26,37.9237,39.7842,38.9737,36.5102,1012.8494,1013.6948
2020-05-17 16:24:33,37.9046,39.7645,38.9532,36.5627,1012.8780,1013.6796
2020-05-17 16:24:39,37.8855,39.7448,38.9329,36.5919,1012.8339,1013.7141
2020-05-17 16:24:46,37.8664,39.7252,38.9126,36.6268,1012.8881,1013.6029
2020-05-17 16:24:53,37.8474,39.7057,38.8923,36.6385,1012.8626,1013.7298
2020-05-17 16:24:59,37.8284,39.6862,38.8722,36.6851,1012.8812,1013.7491
2020-05-17 16:25:06,37.8095,39.6667,38.8520,36.7202,1012.8742,1013.6800
2020-05-17 16:25:12,37.7907,39.6473,38.8319,36.7378,1012.8300,1013.6648
2020-05-17 16:25:19,37.7719,39.6280,38.8119,36.7728,1012.8672,1013.6496
2020-05-17 16:25:25,37.7531,39.6086,38.7919,36.7961,1012.7960,1013.6958
2020-05-17 16:25:32,37.7344,39.5894,38.7720,36.8254,1012.8704,1013.6729
2020-05-17 16:25:38,37.7158,39.5701,38.7521,36.8720,1012.7991,1013.7039
2020-05-17 16:25:45,37.6971,39.5510,38.7323,36.9011,1012.9076,1013.6501
2020-05-17 16:25:52,37.6786,39.5318,38.7125,36.9128,1012.8634,1013.6693
2020-05-17 16:25:59,37.6601,39.5128,38.6928,36.9768,1012.8463,1013.6003
2020-05-17 16:26:05,37.6416,39.4937,38.6731,37.0236,1012.7952,1013.6120
2020-05-17 16:26:12,37.6232,39.4747,38.6535,37.0353,1012.8138,1013.6505
2020-05-17 16:26:18,37.6049,39.4557,38.6340,37.0877,1012.8239,1013.6353
2020-05-17 16:26:25,37.5866,39.4368,38.6144,37.1285,1012.8068,1013.6470
2020-05-17 16:26:31,37.5683,39.4179,38.5950,37.1460,1012.8712,1013.7124
2020-05-17 16:26:38,37.5502,39.3991,38.5756,37.1927,1012.8913,1013.6662
2020-05-17 16:26:45,37.5320,39.3803,38.5562,37.2276,1012.8642,1013.6586
2020-05-17 16:26:51,37.5139,39.3616,38.5369,37.2567,1012.8014,1013.6896
2020-05-17 16:26:58,37.4959,39.3429,38.5177,37.3033,1012.8386,1013.6819
2020-05-17 16:27:04,37.4779,39.3242,38.4985,37.3266,1012.8130,1013.6398
2020-05-17 16:27:11,37.4599,39.3056,38.4793,37.3325,1012.8502,1013.6550
2020-05-17 16:27:18,37.4420,39.2870,38.4602,37.3849,1012.8603,1013.7053
2020-05-17 16:27:25,37.4241,39.2685,38.4412,37.4083,1012.7619,1013.6210
2020-05-17 16:27:31,37.4063,39.2501,38.4222,37.4548,1012.8432,1013.5941
2020-05-17 16:27:38,37.3885,39.2316,38.4032,37.4724,1012.7464,1013.6748
2020-05-17 16:27:44,37.3708,39.2132,38.3843,37.4957,1012.8734,1013.5981
2020-05-17 16:27:51,37.3531,39.1949,38.3655,37.5306,1012.8378,1013.6022
2020-05-17 16:27:58,37.3355,39.1766,38.3466,37.5713,1012.7751,1013.6291
2020-05-17 16:28:05,37.3179,39.1584,38.3279,37.5946,1012.7665,1013.5946
2020-05-17 16:28:11,37.3003,39.1402,38.3092,37.6179,1012.7495,1013.5869
2020-05-17 16:28:18,37.2828,39.1220,38.2905,37.6470,1012.8409,1013.5986
2020-05-17 16:28:24,37.2654,39.1039,38.2719,37.6877,1012.7596,1013.6103
2020-05-17 16:28:31,37.2480,39.0858,38.2533,37.7401,1012.8068,1013.5834
2020-05-17 16:28:38,37.2306,39.0678,38.2348,37.7576,1012.7712,1013.6488
2020-05-17 16:28:45,37.2133,39.0498,38.2164,37.7926,1012.8370,1013.6371
2020-05-17 16:28:51,37.1960,39.0319,38.1979,37.8100,1012.8184,1013.6605
2020-05-17 16:28:58,37.1788,39.0140,38.1796,37.8450,1012.7657,1013.6605
2020-05-17 16:29:04,37.1616,38.9961,38.1613,37.8740,1012.8014,1013.6107
2020-05-17 16:29:11,37.1445,38.9783,38.1430,37.8973,1012.7843,1013.6031
2020-05-17 16:29:18,37.1274,38.9606,38.1248,37.9206,1012.8215,1013.6416
2020-05-17 16:29:24,37.1103,38.9429,38.1066,37.9381,1012.8401,1013.6685
2020-05-17 16:29:31,37.0934,38.9252,38.0885,37.9904,1012.8501,1013.6802
2020-05-17 16:29:38,37.0764,38.9076,38.0704,38.0312,1012.8602,1013.6380
2020-05-17 16:29:45,37.0595,38.8900,38.0524,38.0777,1012.8517,1013.6380
2020-05-17 16:29:51,37.0426,38.8724,38.0344,38.0544,1012.8060,1013.6380
2020-05-17 16:29:59,37.0258,38.8549,38.0164,38.1068,1012.7804,1013.6497
2020-05-17 16:30:05,37.0090,38.8375,37.9985,38.1184,1012.7719,1013.5731
2020-05-17 16:30:13,36.9923,38.8201,37.9807,38.1650,1012.7649,1013.5923
2020-05-17 16:30:19,36.9756,38.8027,37.9629,38.1941,1012.7935,1013.5999
2020-05-17 16:30:26,36.9589,38.7853,37.9451,38.2231,1012.8020,1013.6232
2020-05-17 16:30:32,36.9423,38.7680,37.9274,38.2464,1012.7749,1013.6232
2020-05-17 16:30:40,36.9257,38.7508,37.9097,38.2814,1012.7780,1013.6425
2020-05-17 16:30:46,36.9092,38.7336,37.8921,38.3221,1012.7966,1013.5735
2020-05-17 16:30:53,36.8927,38.7164,37.8745,38.3221,1012.7695,1013.6084
2020-05-17 16:31:00,36.8763,38.6993,37.8570,38.3453,1012.7695,1013.5775
2020-05-17 16:31:07,36.8599,38.6822,37.8395,38.3802,1012.7710,1013.6774
2020-05-17 16:31:13,36.8435,38.6651,37.8221,38.4035,1012.8082,1013.5892
2020-05-17 16:31:20,36.8272,38.6481,37.8047,38.4500,1012.7725,1013.6084
2020-05-17 16:31:27,36.8109,38.6311,37.7873,38.4733,1012.8097,1013.6277
2020-05-17 16:31:34,36.7946,38.6142,37.7700,38.5198,1012.7841,1013.6317
2020-05-17 16:31:40,36.7785,38.5973,37.7527,38.5372,1012.7841,1013.7316
2020-05-17 16:31:47,36.7623,38.5804,37.7354,38.5489,1012.7585,1013.6241
2020-05-17 16:31:54,36.7462,38.5636,37.7183,38.5779,1012.8127,1013.6165
2020-05-17 16:32:00,36.7301,38.5468,37.7011,38.6419,1012.8328,1013.6012
2020-05-17 16:32:07,36.7141,38.5301,37.6840,38.6419,1012.8414,1013.7088
2020-05-17 16:32:14,36.6981,38.5134,37.6670,38.6825,1012.8328,1013.6935
2020-05-17 16:32:21,36.6821,38.4967,37.6499,38.7174,1012.8429,1013.7397
2020-05-17 16:32:28,36.6662,38.4801,37.6330,38.7291,1012.7802,1013.5555
2020-05-17 16:32:35,36.6503,38.4635,37.6160,38.7697,1012.7631,1013.6783
2020-05-17 16:32:41,36.6345,38.4469,37.5992,38.7930,1012.7646,1013.7168
2020-05-17 16:32:48,36.6187,38.4304,37.5823,38.8221,1012.7661,1013.7321
2020-05-17 16:32:55,36.6030,38.4139,37.5655,38.8395,1012.8645,1013.6594
2020-05-17 16:33:02,36.5873,38.3975,37.5487,38.8802,1012.8219,1013.6980
2020-05-17 16:33:09,36.5716,38.3811,37.5320,38.9035,1012.7677,1013.7248
2020-05-17 16:33:16,36.5559,38.3647,37.5153,38.9441,1012.7948,1013.6903
2020-05-17 16:33:23,36.5403,38.3484,37.4987,38.9324,1012.7762,1013.5945
2020-05-17 16:33:30,36.5248,38.3322,37.4820,38.9789,1012.7320,1013.6482
2020-05-17 16:33:37,36.5092,38.3159,37.4655,38.9790,1012.7877,1013.6061
2020-05-17 16:33:44,36.4938,38.2998,37.4490,39.0254,1012.7521,1013.6253
2020-05-17 16:33:50,36.4783,38.2836,37.4325,39.0370,1012.8148,1013.6639
2020-05-17 16:33:58,36.4629,38.2675,37.4160,39.0951,1012.7978,1013.7100
2020-05-17 16:34:04,36.4476,38.2514,37.3996,39.1067,1012.8078,1013.7293
2020-05-17 16:34:12,36.4323,38.2354,37.3833,39.1474,1012.7908,1013.7561
2020-05-17 16:34:18,36.4170,38.2194,37.3669,39.1532,1012.7722,1013.6948
2020-05-17 16:34:26,36.4017,38.2034,37.3507,39.1939,1012.8008,1013.6871
2020-05-17 16:34:32,36.3865,38.1875,37.3344,39.2287,1012.7652,1013.6948
2020-05-17 16:34:40,36.3713,38.1716,37.3182,39.2346,1012.7396,1013.6566
2020-05-17 16:34:46,36.3562,38.1557,37.3021,39.2868,1012.7497,1013.6566
2020-05-17 16:34:53,36.3410,38.1399,37.2860,39.3100,1012.7768,1013.6607
2020-05-17 16:35:00,36.3260,38.1241,37.2699,39.3391,1012.7512,1013.6607
2020-05-17 16:35:07,36.3110,38.1084,37.2538,39.3391,1012.7512,1013.6414
2020-05-17 16:35:14,36.2960,38.0926,37.2378,39.3739,1012.7070,1013.5917
2020-05-17 16:35:21,36.2810,38.0769,37.2219,39.4204,1012.7171,1013.6262
2020-05-17 16:35:28,36.2661,38.0613,37.2059,39.4145,1012.6529,1013.6530
2020-05-17 16:35:35,36.2512,38.0457,37.1901,39.4378,1012.7442,1013.6647
2020-05-17 16:35:42,36.2364,38.0301,37.1742,39.4668,1012.7356,1013.6570
2020-05-17 16:35:49,36.2216,38.0146,37.1584,39.4958,1012.7271,1013.6342
2020-05-17 16:35:56,36.2068,37.9991,37.1426,39.5016,1012.7271,1013.5957
2020-05-17 16:36:03,36.1921,37.9837,37.1269,39.5771,1012.7828,1013.6458
2020-05-17 16:36:10,36.1774,37.9683,37.1112,39.5887,1012.6930,1013.6382
2020-05-17 16:36:17,36.1628,37.9529,37.0956,39.6293,1012.7030,1013.5768
2020-05-17 16:36:24,36.1481,37.9375,37.0800,39.6235,1012.7843,1013.6458
2020-05-17 16:36:31,36.1335,37.9222,37.0644,39.6583,1012.7657,1013.6574
2020-05-17 16:36:37,36.1190,37.9069,37.0488,39.7047,1012.7131,1013.6229
2020-05-17 16:36:45,36.1045,37.8917,37.0333,39.7454,1012.7502,1013.6422
2020-05-17 16:36:51,36.0900,37.8765,37.0179,39.7686,1012.7331,1013.6691
2020-05-17 16:36:58,36.0755,37.8613,37.0024,39.7860,1012.7432,1013.6117
2020-05-17 16:37:05,36.0611,37.8461,36.9870,39.7918,1012.7617,1013.5965
2020-05-17 16:37:12,36.0467,37.8310,36.9717,39.7918,1012.7432,1013.5848
2020-05-17 16:37:19,36.0324,37.8159,36.9564,39.8614,1012.7617,1013.5812
2020-05-17 16:37:26,36.0181,37.8009,36.9411,39.8672,1012.6905,1013.5812
2020-05-17 16:37:33,36.0038,37.7859,36.9258,39.8963,1012.7462,1013.6350
2020-05-17 16:37:40,35.9896,37.7709,36.9106,39.9311,1012.7462,1013.6273
2020-05-17 16:37:47,35.9754,37.7560,36.8954,39.9369,1012.7020,1013.5852
2020-05-17 16:37:54,35.9612,37.7411,36.8803,39.9717,1012.7562,1013.6045
2020-05-17 16:38:01,35.9470,37.7262,36.8652,39.9949,1012.6223,1013.5507
2020-05-17 16:38:08,35.9329,37.7114,36.8501,40.0181,1012.7035,1013.5471
2020-05-17 16:38:15,35.9189,37.6966,36.8350,40.0123,1012.6865,1013.6662
2020-05-17 16:38:22,35.9048,37.6818,36.8200,40.0529,1012.7407,1013.6048
2020-05-17 16:38:29,35.8908,37.6671,36.8051,40.0877,1012.6950,1013.6048
2020-05-17 16:38:36,35.8768,37.6524,36.7901,40.0819,1012.7321,1013.6393
2020-05-17 16:38:43,35.8629,37.6377,36.7752,40.1225,1012.7136,1013.5972
2020-05-17 16:38:50,35.8490,37.6231,36.7604,40.1515,1012.7507,1013.6048
2020-05-17 16:38:57,35.8351,37.6085,36.7455,40.1399,1012.6439,1013.5972
2020-05-17 16:39:04,35.8212,37.5939,36.7307,40.2037,1012.6624,1013.5130
2020-05-17 16:39:11,35.8074,37.5794,36.7160,40.2211,1012.6624,1013.5399
2020-05-17 16:39:18,35.7936,37.5649,36.7012,40.2617,1012.6910,1013.6205
2020-05-17 16:39:25,35.7799,37.5504,36.6866,40.2733,1012.7081,1013.5784
2020-05-17 16:39:32,35.7661,37.5360,36.6719,40.3313,1012.6840,1013.5900
2020-05-17 16:39:39,35.7525,37.5216,36.6573,40.3255,1012.6554,1013.5631
2020-05-17 16:39:46,35.7388,37.5072,36.6427,40.3603,1012.6383,1013.6052
2020-05-17 16:39:53,35.7252,37.4928,36.6281,40.3835,1012.6298,1013.5595
2020-05-17 16:40:00,35.7116,37.4785,36.6136,40.3951,1012.6840,1013.5671
2020-05-17 16:40:07,35.6980,37.4643,36.5991,40.4414,1012.7125,1013.5057
2020-05-17 16:40:14,35.6845,37.4500,36.5846,40.4472,1012.6769,1013.5174
2020-05-17 16:40:21,35.6710,37.4358,36.5702,40.4588,1012.7311,1013.5519
2020-05-17 16:40:28,35.6575,37.4216,36.5558,40.4936,1012.7140,1013.5559
2020-05-17 16:40:35,35.6441,37.4075,36.5414,40.4994,1012.6870,1013.5366
2020-05-17 16:40:43,35.6307,37.3933,36.5271,40.5574,1012.6699,1013.5482
2020-05-17 16:40:49,35.6173,37.3792,36.5128,40.5748,1012.6529,1013.5137
2020-05-17 16:40:57,35.6040,37.3652,36.4985,40.5980,1012.7070,1013.5943
2020-05-17 16:41:03,35.5907,37.3512,36.4843,40.6211,1012.6443,1013.4869
2020-05-17 16:41:11,35.5774,37.3372,36.4701,40.6443,1012.6543,1013.5522
2020-05-17 16:41:17,35.5641,37.3232,36.4559,40.6791,1012.7356,1013.5983
2020-05-17 16:41:25,35.5509,37.3093,36.4417,40.7081,1012.6543,1013.5522
2020-05-17 16:41:32,35.5377,37.2954,36.4276,40.7255,1012.6744,1013.5638
2020-05-17 16:41:39,35.5246,37.2815,36.4136,40.7429,1012.7371,1013.5831
2020-05-17 16:41:46,35.5114,37.2676,36.3995,40.7892,1012.6844,1013.5217
2020-05-17 16:41:53,35.4983,37.2538,36.3855,40.8008,1012.6488,1013.5486
2020-05-17 16:42:00,35.4853,37.2400,36.3716,40.8124,1012.6674,1013.5602
2020-05-17 16:42:07,35.4722,37.2263,36.3576,40.8298,1012.6759,1013.6063
2020-05-17 16:42:14,35.4592,37.2125,36.3437,40.8646,1012.6674,1013.5526
2020-05-17 16:42:22,35.4462,37.1988,36.3299,40.8703,1012.5505,1013.4912
2020-05-17 16:42:28,35.4333,37.1852,36.3160,40.8935,1012.6403,1013.5718
2020-05-17 16:42:36,35.4204,37.1716,36.3022,40.9399,1012.6147,1013.5758
2020-05-17 16:42:43,35.4075,37.1580,36.2884,40.9457,1012.6247,1013.5566
2020-05-17 16:42:50,35.3946,37.1444,36.2747,40.9920,1012.6603,1013.5490
2020-05-17 16:42:57,35.3818,37.1308,36.2610,41.0094,1012.5891,1013.4876
2020-05-17 16:43:04,35.3690,37.1173,36.2473,41.0326,1012.6889,1013.5413
2020-05-17 16:43:11,35.3562,37.1038,36.2336,41.0326,1012.5991,1013.4992
2020-05-17 16:43:19,35.3435,37.0903,36.2200,41.0731,1012.6648,1013.5185
2020-05-17 16:43:26,35.3308,37.0769,36.2064,41.1021,1012.6106,1013.5453
2020-05-17 16:43:33,35.3181,37.0635,36.1928,41.1137,1012.6277,1013.5914
2020-05-17 16:43:40,35.3054,37.0501,36.1793,41.1253,1012.6733,1013.6030
2020-05-17 16:43:47,35.2928,37.0368,36.1658,41.1253,1012.5836,1013.5493
2020-05-17 16:43:54,35.2802,37.0235,36.1523,41.1832,1012.6748,1013.5301
2020-05-17 16:44:02,35.2676,37.0102,36.1389,41.2063,1012.6933,1013.5686
2020-05-17 16:44:09,35.2551,36.9969,36.1255,41.2237,1012.6206,1013.5686
2020-05-17 16:44:16,35.2426,36.9837,36.1121,41.2411,1012.6036,1013.5686
2020-05-17 16:44:23,35.2301,36.9705,36.0988,41.2469,1012.6663,1013.5264
2020-05-17 16:44:31,35.2176,36.9573,36.0855,41.2874,1012.7204,1013.5533
2020-05-17 16:44:38,35.2052,36.9442,36.0722,41.3222,1012.5695,1013.5457
2020-05-17 16:44:45,35.1928,36.9311,36.0589,41.3222,1012.6492,1013.5457
2020-05-17 16:44:52,35.1804,36.9180,36.0457,41.3511,1012.5795,1013.5036
2020-05-17 16:45:00,35.1680,36.9050,36.0325,41.3685,1012.5880,1013.5765
2020-05-17 16:45:07,35.1557,36.8919,36.0193,41.4090,1012.6336,1013.4615
2020-05-17 16:45:15,35.1434,36.8790,36.0062,41.4091,1012.5610,1013.4923
2020-05-17 16:45:22,35.1311,36.8660,35.9931,41.4322,1012.6522,1013.5344
2020-05-17 16:45:29,35.1189,36.8530,35.9800,41.4496,1012.6351,1013.4847
2020-05-17 16:45:37,35.1067,36.8401,35.9669,41.4785,1012.6266,1013.5805
2020-05-17 16:45:44,35.0945,36.8272,35.9539,41.5249,1012.7078,1013.5384
2020-05-17 16:45:51,35.0823,36.8144,35.9409,41.5075,1012.6080,1013.5232
2020-05-17 16:45:58,35.0702,36.8015,35.9279,41.5596,1012.6366,1013.4771
2020-05-17 16:46:06,35.0581,36.7887,35.9150,41.5827,1012.6195,1013.5424
2020-05-17 16:46:13,35.0460,36.7760,35.9021,41.6001,1012.5839,1013.4887
2020-05-17 16:46:21,35.0339,36.7632,35.8892,41.6175,1012.6381,1013.4618
2020-05-17 16:46:28,35.0219,36.7505,35.8763,41.6406,1012.6110,1013.4658
2020-05-17 16:46:35,35.0099,36.7378,35.8635,41.6638,1012.6566,1013.5925
2020-05-17 16:46:42,34.9979,36.7251,35.8507,41.6927,1012.7108,1013.6269
2020-05-17 16:46:50,34.9859,36.7125,35.8379,41.7275,1012.6040,1013.5387
2020-05-17 16:46:57,34.9740,36.6998,35.8252,41.7391,1012.6396,1013.4429
2020-05-17 16:47:04,34.9621,36.6873,35.8125,41.7680,1012.5869,1013.5580
2020-05-17 16:47:11,34.9502,36.6747,35.7998,41.7738,1012.5954,1013.6041
2020-05-17 16:47:19,34.9384,36.6621,35.7871,41.8085,1012.6410,1013.5620
2020-05-17 16:47:26,34.9266,36.6496,35.7744,41.8317,1012.6681,1013.5696
2020-05-17 16:47:34,34.9148,36.6371,35.7618,41.8374,1012.6155,1013.4738
2020-05-17 16:47:40,34.9030,36.6247,35.7493,41.8548,1012.6696,1013.5006
2020-05-17 16:47:48,34.8912,36.6123,35.7367,41.8953,1012.6155,1013.4854
2020-05-17 16:47:55,34.8795,36.5999,35.7242,41.9069,1012.6425,1013.5391
2020-05-17 16:48:03,34.8678,36.5875,35.7117,41.9300,1012.6255,1013.5775
2020-05-17 16:48:10,34.8561,36.5751,35.6992,41.9590,1012.6084,1013.5162
2020-05-17 16:48:18,34.8445,36.5628,35.6867,41.9590,1012.6440,1013.5699
2020-05-17 16:48:25,34.8329,36.5505,35.6743,41.9879,1012.6084,1013.4933
2020-05-17 16:48:33,34.8213,36.5382,35.6619,42.0226,1012.6269,1013.4817
2020-05-17 16:48:40,34.8097,36.5260,35.6495,42.0226,1012.6184,1013.4933
2020-05-17 16:48:48,34.7982,36.5137,35.6372,42.0573,1012.5743,1013.4472
2020-05-17 16:48:55,34.7866,36.5015,35.6249,42.0921,1012.6013,1013.4857
2020-05-17 16:49:02,34.7751,36.4894,35.6126,42.1036,1012.6469,1013.4933
2020-05-17 16:49:10,34.7636,36.4772,35.6003,42.1557,1012.6484,1013.5394
2020-05-17 16:49:17,34.7522,36.4651,35.5881,42.1499,1012.6214,1013.5586
2020-05-17 16:49:25,34.7408,36.4529,35.5759,42.1846,1012.5416,1013.5394
2020-05-17 16:49:32,34.7294,36.4408,35.5637,42.2077,1012.6499,1013.4744
2020-05-17 16:49:39,34.7180,36.4288,35.5515,42.2482,1012.6414,1013.5550
2020-05-17 16:49:46,34.7066,36.4167,35.5394,42.2598,1012.5787,1013.4131
2020-05-17 16:49:54,34.6953,36.4047,35.5273,42.2829,1012.5802,1013.5397
2020-05-17 16:50:01,34.6840,36.3927,35.5152,42.3003,1012.6514,1013.5129
2020-05-17 16:50:09,34.6727,36.3807,35.5031,42.3118,1012.6072,1013.4708
2020-05-17 16:50:16,34.6615,36.3687,35.4911,42.3350,1012.5902,1013.4784
2020-05-17 16:50:24,34.6502,36.3568,35.4791,42.3408,1012.5987,1013.5321
2020-05-17 16:50:32,34.6390,36.3449,35.4671,42.3523,1012.6728,1013.5169
2020-05-17 16:50:39,34.6278,36.3330,35.4551,42.3697,1012.5817,1013.5629
2020-05-17 16:50:47,34.6167,36.3212,35.4432,42.4275,1012.5731,1013.4555
2020-05-17 16:50:54,34.6055,36.3093,35.4312,42.4044,1012.5190,1013.4824
2020-05-17 16:51:02,34.5944,36.2975,35.4194,42.4160,1012.5731,1013.4403
2020-05-17 16:51:09,34.5833,36.2858,35.4075,42.4449,1012.5902,1013.4824
2020-05-17 16:51:17,34.5722,36.2740,35.3956,42.4506,1012.6372,1013.5208
2020-05-17 16:51:24,34.5612,36.2623,35.3838,42.4738,1012.6102,1013.5324
2020-05-17 16:51:32,34.5501,36.2506,35.3720,42.5027,1012.5831,1013.5324
2020-05-17 16:51:39,34.5391,36.2389,35.3603,42.5027,1012.6017,1013.5248
2020-05-17 16:51:47,34.5281,36.2273,35.3485,42.5432,1012.6202,1013.4903
2020-05-17 16:51:54,34.5172,36.2156,35.3368,42.5547,1012.5575,1013.4751
2020-05-17 16:52:02,34.5062,36.2040,35.3251,42.5779,1012.6472,1013.5172
2020-05-17 16:52:09,34.4953,36.1924,35.3134,42.6010,1012.5234,1013.4482
2020-05-17 16:52:17,34.4844,36.1809,35.3018,42.6473,1012.5861,1013.4827
2020-05-17 16:52:24,34.4736,36.1693,35.2902,42.6473,1012.6046,1013.3869
2020-05-17 16:52:32,34.4627,36.1578,35.2786,42.6820,1012.5690,1013.4675
2020-05-17 16:52:40,34.4518,36.1463,35.2670,42.6935,1012.5705,1013.4867
2020-05-17 16:52:47,34.4411,36.1348,35.2554,42.7282,1012.5519,1013.5520
2020-05-17 16:52:55,34.4303,36.1234,35.2439,42.7282,1012.5705,1013.4714
2020-05-17 16:53:02,34.4195,36.1120,35.2324,42.7397,1012.5349,1013.4177
2020-05-17 16:53:10,34.4087,36.1006,35.2209,42.7571,1012.5434,1013.4562
2020-05-17 16:53:17,34.3980,36.0892,35.2094,42.7802,1012.5719,1013.4946
2020-05-17 16:53:25,34.3873,36.0778,35.1980,42.7975,1012.5178,1013.4141
2020-05-17 16:53:32,34.3766,36.0664,35.1866,42.8264,1012.4737,1013.4830
2020-05-17 16:53:40,34.3660,36.0551,35.1752,42.8322,1012.6090,1013.5599
2020-05-17 16:53:47,34.3554,36.0438,35.1638,42.8900,1012.4837,1013.4333
2020-05-17 16:53:55,34.3447,36.0325,35.1525,42.8727,1012.4922,1013.5062
2020-05-17 16:54:02,34.3342,36.0213,35.1412,42.8726,1012.6105,1013.4525
2020-05-17 16:54:10,34.3236,36.0100,35.1299,42.9016,1012.6646,1013.5178
2020-05-17 16:54:18,34.3130,35.9988,35.1186,42.9305,1012.6105,1013.5639
2020-05-17 16:54:25,34.3025,35.9876,35.1073,42.9421,1012.6646,1013.6100
2020-05-17 16:54:33,34.2920,35.9765,35.0961,42.9883,1012.6831,1013.6368
2020-05-17 16:54:40,34.2815,35.9653,35.0849,42.9825,1012.7016,1013.5142
2020-05-17 16:54:48,34.2711,35.9542,35.0737,42.9768,1012.6560,1013.6100
2020-05-17 16:54:55,34.2606,35.9431,35.0625,43.0056,1012.6845,1013.6023
2020-05-17 16:55:03,34.2502,35.9321,35.0514,42.9998,1012.6390,1013.6139
2020-05-17 16:55:11,34.2398,35.9210,35.0402,43.0230,1012.6660,1013.5678
2020-05-17 16:55:19,34.2294,35.9100,35.0291,43.0634,1012.6219,1013.4989
2020-05-17 16:55:26,34.2191,35.8990,35.0181,43.0634,1012.6404,1013.5373
2020-05-17 16:55:34,34.2087,35.8880,35.0070,43.0749,1012.6504,1013.5029
2020-05-17 16:55:41,34.1984,35.8771,34.9960,43.0981,1012.6404,1013.6026
2020-05-17 16:55:49,34.1881,35.8661,34.9849,43.1212,1012.6860,1013.5297
2020-05-17 16:55:57,34.1778,35.8552,34.9739,43.1212,1012.6234,1013.5489
2020-05-17 16:56:05,34.1676,35.8443,34.9630,43.1328,1012.6675,1013.6026
2020-05-17 16:56:12,34.1573,35.8334,34.9520,43.1674,1012.6519,1013.5950
2020-05-17 16:56:20,34.1471,35.8226,34.9411,43.1674,1012.6875,1013.6334
2020-05-17 16:56:28,34.1369,35.8118,34.9302,43.1790,1012.6334,1013.6258
2020-05-17 16:56:35,34.1267,35.8010,34.9193,43.2136,1012.6078,1013.5990
2020-05-17 16:56:43,34.1166,35.7902,34.9084,43.2194,1012.6078,1013.6182
2020-05-17 16:56:50,34.1064,35.7794,34.8975,43.2425,1012.6889,1013.5761
2020-05-17 16:56:58,34.0963,35.7686,34.8867,43.2426,1012.6248,1013.5340
2020-05-17 16:57:06,34.0862,35.7579,34.8759,43.2656,1012.6533,1013.6221
2020-05-17 16:57:14,34.0761,35.7472,34.8651,43.2772,1012.6719,1013.5953
2020-05-17 16:57:22,34.0660,35.7365,34.8543,43.3119,1012.6719,1013.5800
2020-05-17 16:57:29,34.0560,35.7259,34.8436,43.3408,1012.6448,1013.5263
2020-05-17 16:57:37,34.0460,35.7152,34.8329,43.3582,1012.6533,1013.5608
2020-05-17 16:57:44,34.0360,35.7046,34.8221,43.3697,1012.6633,1013.5648
2020-05-17 16:57:52,34.0260,35.6940,34.8115,43.3985,1012.7274,1013.5648
2020-05-17 16:57:59,34.0160,35.6834,34.8008,43.4101,1012.6648,1013.5764
2020-05-17 16:58:08,34.0060,35.6729,34.7901,43.4216,1012.6833,1013.5840
2020-05-17 16:58:15,33.9961,35.6623,34.7795,43.4447,1012.7474,1013.5916
2020-05-17 16:58:23,33.9862,35.6518,34.7689,43.4736,1012.6662,1013.5343
2020-05-17 16:58:31,33.9763,35.6413,34.7583,43.4678,1012.6307,1013.6569
2020-05-17 16:58:39,33.9664,35.6308,34.7477,43.5025,1012.6036,1013.5803
2020-05-17 16:58:46,33.9565,35.6203,34.7372,43.5198,1012.6677,1013.5727
2020-05-17 16:58:54,33.9467,35.6099,34.7267,43.5140,1012.6136,1013.5803
2020-05-17 16:59:02,33.9368,35.5994,34.7162,43.5429,1012.6592,1013.5190
2020-05-17 16:59:09,33.9270,35.5890,34.7057,43.5891,1012.6592,1013.6187
2020-05-17 16:59:17,33.9172,35.5786,34.6952,43.6180,1012.6691,1013.6035
2020-05-17 16:59:25,33.9075,35.5683,34.6848,43.6295,1012.6606,1013.5574
2020-05-17 16:59:33,33.8977,35.5579,34.6743,43.6353,1012.6791,1013.5538
2020-05-17 16:59:40,33.8880,35.5476,34.6639,43.6295,1012.6791,1013.5422
2020-05-17 16:59:49,33.8782,35.5372,34.6535,43.6526,1012.5624,1013.5345
2020-05-17 16:59:56,33.8686,35.5269,34.6432,43.6641,1012.6350,1013.5117
2020-05-17 17:00:04,33.8589,35.5167,34.6328,43.7046,1012.7162,1013.5309
2020-05-17 17:00:12,33.8492,35.5064,34.6225,43.7045,1012.6094,1013.5653
2020-05-17 17:00:19,33.8396,35.4961,34.6122,43.7219,1012.6535,1013.6074
2020-05-17 17:00:28,33.8300,35.4859,34.6019,43.7565,1012.6635,1013.5577
2020-05-17 17:00:35,33.8204,35.4757,34.5916,43.7507,1012.6194,1013.5501
2020-05-17 17:00:43,33.8108,35.4655,34.5813,43.7796,1012.5924,1013.5885
2020-05-17 17:00:51,33.8012,35.4553,34.5711,43.7969,1012.6650,1013.5425
2020-05-17 17:00:59,33.7916,35.4452,34.5609,43.8258,1012.6109,1013.5348
2020-05-17 17:01:07,33.7821,35.4350,34.5507,43.8430,1012.5767,1013.5272
2020-05-17 17:01:14,33.7726,35.4249,34.5405,43.8314,1012.6308,1013.5080
2020-05-17 17:01:22,33.7631,35.4148,34.5303,43.8835,1012.6209,1013.5196
2020-05-17 17:01:30,33.7536,35.4047,34.5202,43.8604,1012.6123,1013.5656
2020-05-17 17:01:38,33.7442,35.3947,34.5101,43.9008,1012.7120,1013.6117
2020-05-17 17:01:45,33.7347,35.3846,34.4999,43.8834,1012.6764,1013.6040
2020-05-17 17:01:54,33.7253,35.3746,34.4899,43.9240,1012.6394,1013.5656
2020-05-17 17:02:01,33.7159,35.3646,34.4798,43.9297,1012.5953,1013.5964
2020-05-17 17:02:09,33.7065,35.3546,34.4697,43.9354,1012.6223,1013.5427
2020-05-17 17:02:17,33.6972,35.3446,34.4597,43.9643,1012.6408,1013.5351
2020-05-17 17:02:25,33.6878,35.3347,34.4497,43.9816,1012.6593,1013.5619
2020-05-17 17:02:33,33.6785,35.3248,34.4397,44.0047,1012.5967,1013.5275
2020-05-17 17:02:41,33.6692,35.3149,34.4297,44.0163,1012.5867,1013.5696
2020-05-17 17:02:49,33.6599,35.3050,34.4198,44.0452,1012.6323,1013.5735
2020-05-17 17:02:56,33.6506,35.2951,34.4098,44.0682,1012.6152,1013.5659
2020-05-17 17:03:05,33.6413,35.2852,34.3999,44.0797,1012.6793,1013.5659
2020-05-17 17:03:12,33.6320,35.2754,34.3900,44.0913,1012.5626,1013.6004
2020-05-17 17:03:20,33.6228,35.2656,34.3801,44.1086,1012.6437,1013.5659
2020-05-17 17:03:28,33.6136,35.2557,34.3703,44.1201,1012.6352,1013.5238
2020-05-17 17:03:36,33.6044,35.2460,34.3604,44.1490,1012.6081,1013.5238
2020-05-17 17:03:44,33.5952,35.2362,34.3506,44.1606,1012.6167,1013.5775
2020-05-17 17:03:51,33.5860,35.2264,34.3408,44.2010,1012.6181,1013.6235
2020-05-17 17:04:00,33.5769,35.2167,34.3310,44.1779,1012.6622,1013.5354
2020-05-17 17:04:07,33.5678,35.2070,34.3212,44.2068,1012.5996,1013.5085
2020-05-17 17:04:16,33.5586,35.1973,34.3115,44.2068,1012.5811,1013.5277
2020-05-17 17:04:24,33.5496,35.1876,34.3018,44.2356,1012.6452,1013.5277
2020-05-17 17:04:31,33.5405,35.1780,34.2921,44.2587,1012.6010,1013.5738
2020-05-17 17:04:40,33.5314,35.1683,34.2824,44.2875,1012.5655,1013.5201
2020-05-17 17:04:47,33.5224,35.1587,34.2727,44.2875,1012.5655,1013.6275
2020-05-17 17:04:55,33.5134,35.1491,34.2630,44.3164,1012.5840,1013.5738
2020-05-17 17:05:03,33.5044,35.1395,34.2534,44.3452,1012.5313,1013.5201
2020-05-17 17:05:11,33.4954,35.1299,34.2438,44.3683,1012.5854,1013.5393
2020-05-17 17:05:19,33.4864,35.1204,34.2342,44.3741,1012.5669,1013.4896
2020-05-17 17:05:27,33.4774,35.1108,34.2246,44.3972,1012.5940,1013.5049
2020-05-17 17:05:35,33.4685,35.1013,34.2150,44.4433,1012.5684,1013.5049
2020-05-17 17:05:43,33.4596,35.0918,34.2055,44.4375,1012.5143,1013.5585
2020-05-17 17:05:51,33.4507,35.0823,34.1959,44.4722,1012.6039,1013.5433
2020-05-17 17:05:59,33.4418,35.0728,34.1864,44.4722,1012.5684,1013.5433
2020-05-17 17:06:07,33.4329,35.0634,34.1769,44.5068,1012.5869,1013.4896
2020-05-17 17:06:15,33.4241,35.0539,34.1675,44.5357,1012.5869,1013.5433
2020-05-17 17:06:23,33.4152,35.0445,34.1580,44.5184,1012.6139,1013.4972
2020-05-17 17:06:31,33.4064,35.0351,34.1486,44.5357,1012.6409,1013.5012
2020-05-17 17:06:39,33.3976,35.0257,34.1392,44.5819,1012.5968,1013.4935
2020-05-17 17:06:47,33.3888,35.0163,34.1298,44.5819,1012.6054,1013.4054
2020-05-17 17:06:54,33.3801,35.0070,34.1204,44.6049,1012.5342,1013.5625
2020-05-17 17:07:03,33.3713,34.9977,34.1110,44.6281,1012.5698,1013.5051
2020-05-17 17:07:10,33.3626,34.9883,34.1017,44.6338,1012.6153,1013.5128
2020-05-17 17:07:19,33.3538,34.9790,34.0923,44.6511,1012.5527,1013.5051
2020-05-17 17:07:27,33.3451,34.9698,34.0830,44.6742,1012.5712,1013.4859
2020-05-17 17:07:35,33.3365,34.9605,34.0737,44.6569,1012.5798,1013.4899
2020-05-17 17:07:43,33.3278,34.9512,34.0644,44.7204,1012.5086,1013.4975
2020-05-17 17:07:51,33.3191,34.9420,34.0552,44.7607,1012.5727,1013.5128
2020-05-17 17:07:59,33.3105,34.9328,34.0459,44.7550,1012.6168,1013.5167
2020-05-17 17:08:07,33.3019,34.9236,34.0367,44.7549,1012.5997,1013.4746
2020-05-17 17:08:15,33.2933,34.9144,34.0275,44.7665,1012.6083,1013.5091
2020-05-17 17:08:23,33.2847,34.9052,34.0183,44.8012,1012.5812,1013.4670
2020-05-17 17:08:31,33.2761,34.8961,34.0091,44.8127,1012.5456,1013.5091
2020-05-17 17:08:39,33.2676,34.8870,33.9999,44.8069,1012.5727,1013.4822
2020-05-17 17:08:47,33.2590,34.8778,33.9908,44.8300,1012.5641,1013.5014
2020-05-17 17:08:55,33.2505,34.8687,33.9817,44.8703,1012.5471,1013.4401
2020-05-17 17:09:03,33.2420,34.8597,33.9726,44.8935,1012.5286,1013.5130
2020-05-17 17:09:12,33.2335,34.8506,33.9635,44.9166,1012.5101,1013.4517
2020-05-17 17:09:20,33.2250,34.8415,33.9544,44.9281,1012.5115,1013.4517
2020-05-17 17:09:28,33.2165,34.8325,33.9453,44.9397,1012.5200,1013.4517
2020-05-17 17:09:36,33.2081,34.8235,33.9363,44.9742,1012.5485,1013.5322
2020-05-17 17:09:43,33.1996,34.8145,33.9273,44.9684,1012.5300,1013.4978
2020-05-17 17:09:52,33.1912,34.8055,33.9182,44.9916,1012.5841,1013.4365
2020-05-17 17:10:00,33.1828,34.7965,33.9092,44.9684,1012.6111,1013.5362
2020-05-17 17:10:08,33.1744,34.7876,33.9003,45.0032,1012.5385,1013.5438
2020-05-17 17:10:17,33.1660,34.7787,33.8913,45.0204,1012.6111,1013.5514
2020-05-17 17:10:24,33.1577,34.7697,33.8823,45.0204,1012.5841,1013.5438
2020-05-17 17:10:33,33.1494,34.7608,33.8734,45.0608,1012.5485,1013.5017
2020-05-17 17:10:40,33.1410,34.7520,33.8645,45.0781,1012.5314,1013.4749
2020-05-17 17:10:49,33.1327,34.7431,33.8556,45.0896,1012.5314,1013.4596
2020-05-17 17:10:57,33.1244,34.7342,33.8467,45.1358,1012.5314,1013.4749
2020-05-17 17:11:05,33.1161,34.7254,33.8378,45.1357,1012.5144,1013.4864
2020-05-17 17:11:13,33.1079,34.7166,33.8290,45.1935,1012.5229,1013.4596
2020-05-17 17:11:21,33.0996,34.7078,33.8201,45.1819,1012.5329,1013.4712
2020-05-17 17:11:30,33.0914,34.6990,33.8113,45.2050,1012.6140,1013.5133
2020-05-17 17:11:37,33.0831,34.6902,33.8025,45.2339,1012.5329,1013.4443
2020-05-17 17:11:46,33.0749,34.6814,33.7937,45.2338,1012.6055,1013.4980
2020-05-17 17:11:54,33.0667,34.6727,33.7850,45.2338,1012.5514,1013.4980
2020-05-17 17:12:02,33.0586,34.6639,33.7762,45.2627,1012.5329,1013.4904
2020-05-17 17:12:10,33.0504,34.6552,33.7675,45.2857,1012.5699,1013.4904
2020-05-17 17:12:18,33.0423,34.6465,33.7587,45.2972,1012.5528,1013.5364
2020-05-17 17:12:27,33.0341,34.6378,33.7500,45.3261,1012.4988,1013.4751
2020-05-17 17:12:34,33.0260,34.6292,33.7413,45.3433,1012.5443,1013.5211
2020-05-17 17:12:43,33.0179,34.6205,33.7326,45.3434,1012.5258,1013.4407
2020-05-17 17:12:51,33.0098,34.6119,33.7240,45.3665,1012.5528,1013.5019
2020-05-17 17:12:59,33.0017,34.6032,33.7153,45.3664,1012.5984,1013.4791
2020-05-17 17:13:08,32.9936,34.5946,33.7067,45.4241,1012.5628,1013.4867
2020-05-17 17:13:16,32.9855,34.5860,33.6981,45.4011,1012.5443,1013.5059
2020-05-17 17:13:24,32.9775,34.5774,33.6895,45.4242,1012.5713,1013.4254
2020-05-17 17:13:32,32.9695,34.5689,33.6809,45.4473,1012.5713,1013.4446
2020-05-17 17:13:41,32.9614,34.5603,33.6723,45.4703,1012.5628,1013.5059
2020-05-17 17:13:49,32.9534,34.5518,33.6637,45.4761,1012.5272,1013.4370
2020-05-17 17:13:57,32.9454,34.5433,33.6552,45.5165,1012.5543,1013.4906
2020-05-17 17:14:06,32.9375,34.5348,33.6466,45.5223,1012.5002,1013.5595
2020-05-17 17:14:13,32.9295,34.5263,33.6381,45.5338,1012.5457,1013.5443
2020-05-17 17:14:22,32.9216,34.5178,33.6296,45.5394,1012.5287,1013.4562
2020-05-17 17:14:31,32.9137,34.5094,33.6212,45.5626,1012.5913,1013.4906
2020-05-17 17:14:38,32.9058,34.5009,33.6127,45.5914,1012.5557,1013.4906
2020-05-17 17:14:47,32.8979,34.4925,33.6042,45.5856,1012.5557,1013.5290
2020-05-17 17:14:55,32.8900,34.4841,33.5958,45.6087,1012.5742,1013.4754
2020-05-17 17:15:04,32.8821,34.4757,33.5874,45.6491,1012.5472,1013.5367
2020-05-17 17:15:12,32.8743,34.4673,33.5790,45.6434,1012.5557,1013.4333
2020-05-17 17:15:20,32.8664,34.4589,33.5706,45.6780,1012.4931,1013.4946
2020-05-17 17:15:29,32.8586,34.4506,33.5622,45.6896,1012.5827,1013.4601
2020-05-17 17:15:36,32.8508,34.4423,33.5538,45.6895,1012.6012,1013.4754
2020-05-17 17:15:45,32.8430,34.4339,33.5455,45.7183,1012.5031,1013.4869
2020-05-17 17:15:53,32.8352,34.4256,33.5372,45.7413,1012.5486,1013.5061
2020-05-17 17:16:02,32.8275,34.4173,33.5288,45.7702,1012.5486,1013.4601
2020-05-17 17:16:10,32.8197,34.4090,33.5205,45.7874,1012.5586,1013.4869
2020-05-17 17:16:18,32.8120,34.4008,33.5122,45.7932,1012.5401,1013.4525
2020-05-17 17:16:27,32.8043,34.3925,33.5040,45.8163,1012.5856,1013.4985
2020-05-17 17:16:35,32.7966,34.3843,33.4957,45.8394,1012.5586,1013.5253
2020-05-17 17:16:43,32.7889,34.3760,33.4875,45.8508,1012.5771,1013.4985
2020-05-17 17:16:52,32.7812,34.3678,33.4792,45.8797,1012.5956,1013.4793
2020-05-17 17:17:00,32.7735,34.3596,33.4710,45.8855,1012.4960,1013.4832
2020-05-17 17:17:09,32.7658,34.3514,33.4628,45.9027,1012.5956,1013.4448
2020-05-17 17:17:17,32.7582,34.3433,33.4546,45.8913,1012.5856,1013.4640
2020-05-17 17:17:25,32.7506,34.3351,33.4465,45.9143,1012.5145,1013.4985
2020-05-17 17:17:34,32.7429,34.3270,33.4383,45.9201,1012.5500,1013.4832
2020-05-17 17:17:42,32.7353,34.3189,33.4302,45.9432,1012.6311,1013.4832
2020-05-17 17:17:50,32.7277,34.3107,33.4221,45.9662,1012.4789,1013.4564
2020-05-17 17:17:58,32.7202,34.3026,33.4139,45.9662,1012.5600,1013.5101
2020-05-17 17:18:07,32.7126,34.2946,33.4058,45.9776,1012.5159,1013.4680
2020-05-17 17:18:16,32.7050,34.2865,33.3978,46.0007,1012.5429,1013.4948
2020-05-17 17:18:24,32.6975,34.2784,33.3897,46.0237,1012.5074,1013.4948
2020-05-17 17:18:32,32.6900,34.2704,33.3816,46.0355,1012.5059,1013.5216
2020-05-17 17:18:40,32.6825,34.2623,33.3736,46.0642,1012.4803,1013.5064
2020-05-17 17:18:49,32.6750,34.2543,33.3656,46.0699,1012.6070,1013.4643
2020-05-17 17:18:57,32.6675,34.2463,33.3575,46.0756,1012.4988,1013.4183
2020-05-17 17:19:05,32.6600,34.2383,33.3495,46.1045,1012.6070,1013.4527
2020-05-17 17:19:14,32.6525,34.2303,33.3415,46.1103,1012.4988,1013.4643
2020-05-17 17:19:22,32.6451,34.2224,33.3335,46.1506,1012.4903,1013.4911
2020-05-17 17:19:31,32.6376,34.2144,33.3256,46.1390,1012.5628,1013.5103
2020-05-17 17:19:39,32.6302,34.2065,33.3176,46.1506,1012.6255,1013.4758
2020-05-17 17:19:48,32.6228,34.1985,33.3097,46.1736,1012.5003,1013.4566
2020-05-17 17:19:56,32.6154,34.1906,33.3018,46.1967,1012.5088,1013.4222
2020-05-17 17:20:04,32.6080,34.1827,33.2938,46.2025,1012.5273,1013.5103
2020-05-17 17:20:13,32.6006,34.1748,33.2859,46.2083,1012.5628,1013.5142
2020-05-17 17:20:22,32.5933,34.1670,33.2780,46.2370,1012.5372,1013.4950
2020-05-17 17:20:30,32.5859,34.1591,33.2702,46.2717,1012.5273,1013.4950
2020-05-17 17:20:39,32.5786,34.1513,33.2623,46.2716,1012.5102,1013.4530
2020-05-17 17:20:47,32.5712,34.1434,33.2545,46.2773,1012.4746,1013.4606
2020-05-17 17:20:56,32.5639,34.1356,33.2466,46.3119,1012.6098,1013.4990
2020-05-17 17:21:05,32.5566,34.1278,33.2388,46.2889,1012.5828,1013.4453
2020-05-17 17:21:12,32.5493,34.1200,33.2310,46.3177,1012.5287,1013.4301
2020-05-17 17:21:21,32.5420,34.1122,33.2232,46.3407,1012.6013,1013.4990
2020-05-17 17:21:29,32.5348,34.1044,33.2154,46.3753,1012.5657,1013.4569
2020-05-17 17:21:38,32.5275,34.0967,33.2076,46.3638,1012.5657,1013.4569
2020-05-17 17:21:47,32.5203,34.0889,33.1998,46.3869,1012.5116,1013.4416
2020-05-17 17:21:55,32.5130,34.0812,33.1921,46.3754,1012.5828,1013.5450
2020-05-17 17:22:04,32.5058,34.0735,33.1843,46.4273,1012.5657,1013.4301
2020-05-17 17:22:12,32.4986,34.0658,33.1766,46.4502,1012.5216,1013.3803
2020-05-17 17:22:21,32.4914,34.0581,33.1689,46.4560,1012.5216,1013.5221
2020-05-17 17:22:29,32.4842,34.0504,33.1612,46.4732,1012.6212,1013.5413
2020-05-17 17:22:37,32.4770,34.0428,33.1535,46.4790,1012.6212,1013.5068
2020-05-17 17:22:46,32.4699,34.0351,33.1458,46.5020,1012.5316,1013.4800
2020-05-17 17:22:54,32.4627,34.0275,33.1382,46.5137,1012.5757,1013.4953
2020-05-17 17:23:03,32.4556,34.0198,33.1305,46.5310,1012.6297,1013.5068
2020-05-17 17:23:12,32.4485,34.0122,33.1229,46.5369,1012.5842,1013.4800
2020-05-17 17:23:20,32.4413,34.0046,33.1153,46.5714,1012.6297,1013.4571
2020-05-17 17:23:29,32.4342,33.9970,33.1077,46.5886,1012.5316,1013.4916
2020-05-17 17:23:37,32.4271,33.9895,33.1001,46.6058,1012.5230,1013.4916
2020-05-17 17:23:46,32.4201,33.9819,33.0925,46.6289,1012.6496,1013.5720
2020-05-17 17:23:55,32.4130,33.9743,33.0849,46.6461,1012.6141,1013.5376
2020-05-17 17:24:03,32.4060,33.9668,33.0773,46.6692,1012.6141,1013.5376
2020-05-17 17:24:12,32.3989,33.9592,33.0698,46.6864,1012.6055,1013.5300
2020-05-17 17:24:20,32.3919,33.9517,33.0623,46.6979,1012.5970,1013.4495
2020-05-17 17:24:29,32.3849,33.9442,33.0547,46.7211,1012.6055,1013.5108
2020-05-17 17:24:37,32.3779,33.9367,33.0472,46.7154,1012.6681,1013.5568
2020-05-17 17:24:46,32.3709,33.9292,33.0397,46.7269,1012.6141,1013.5223
2020-05-17 17:24:55,32.3639,33.9218,33.0322,46.7384,1012.5785,1013.5147
2020-05-17 17:25:03,32.3569,33.9143,33.0248,46.7382,1012.6070,1013.6104
2020-05-17 17:25:11,32.3500,33.9069,33.0173,46.7671,1012.6425,1013.5147
2020-05-17 17:25:20,32.3430,33.8994,33.0099,46.7727,1012.5984,1013.5683
2020-05-17 17:25:28,32.3361,33.8920,33.0024,46.7786,1012.6340,1013.5071
2020-05-17 17:25:38,32.3291,33.8846,32.9950,46.8076,1012.6596,1013.5147
2020-05-17 17:25:46,32.3222,33.8772,32.9876,46.7958,1012.6795,1013.5875
2020-05-17 17:25:54,32.3153,33.8698,32.9802,46.8246,1012.5629,1013.4918
2020-05-17 17:26:03,32.3084,33.8624,32.9728,46.8651,1012.6795,1013.4994
2020-05-17 17:26:12,32.3015,33.8551,32.9654,46.8708,1012.6169,1013.5454
2020-05-17 17:26:21,32.2947,33.8477,32.9581,46.8821,1012.5998,1013.5186
2020-05-17 17:26:29,32.2878,33.8404,32.9507,46.9111,1012.6710,1013.5454
2020-05-17 17:26:38,32.2810,33.8330,32.9434,46.9111,1012.6354,1013.5378
2020-05-17 17:26:47,32.2741,33.8257,32.9361,46.9282,1012.5643,1013.5531
2020-05-17 17:26:55,32.2673,33.8184,32.9287,46.9340,1012.5643,1013.5302
2020-05-17 17:27:04,32.2605,33.8111,32.9214,46.9341,1012.5458,1013.5915
2020-05-17 17:27:13,32.2537,33.8038,32.9141,46.9858,1012.5742,1013.4842
2020-05-17 17:27:21,32.2469,33.7965,32.9069,46.9686,1012.5913,1013.6567
2020-05-17 17:27:30,32.2401,33.7893,32.8996,46.9917,1012.6454,1013.5762
2020-05-17 17:27:39,32.2333,33.7820,32.8923,47.0090,1012.6724,1013.5034
2020-05-17 17:27:47,32.2265,33.7748,32.8851,47.0147,1012.6368,1013.5149
2020-05-17 17:27:56,32.2198,33.7676,32.8778,47.0205,1012.5828,1013.6146
2020-05-17 17:28:04,32.2130,33.7603,32.8706,47.0435,1012.6013,1013.5417
2020-05-17 17:28:13,32.2063,33.7531,32.8634,47.0435,1012.5202,1013.7103
2020-05-17 17:28:22,32.1996,33.7460,32.8562,47.0436,1012.6183,1013.6682
2020-05-17 17:28:30,32.1929,33.7388,32.8490,47.0551,1012.6639,1013.6146
2020-05-17 17:28:39,32.1862,33.7316,32.8418,47.0953,1012.6112,1013.5265
2020-05-17 17:28:48,32.1795,33.7245,32.8347,47.1069,1012.6198,1013.5533
2020-05-17 17:28:56,32.1728,33.7173,32.8275,47.1242,1012.6468,1013.6146
2020-05-17 17:29:06,32.1661,33.7102,32.8204,47.1357,1012.6382,1013.6261
2020-05-17 17:29:14,32.1595,33.7031,32.8132,47.1702,1012.6297,1013.4844
2020-05-17 17:29:23,32.1528,33.6960,32.8061,47.1529,1012.6567,1013.5304
2020-05-17 17:29:32,32.1462,33.6889,32.7990,47.1875,1012.6838,1013.5188
2020-05-17 17:29:40,32.1396,33.6818,32.7919,47.2047,1012.6667,1013.6645
2020-05-17 17:29:49,32.1330,33.6747,32.7848,47.2049,1012.6382,1013.4767
2020-05-17 17:29:58,32.1263,33.6676,32.7777,47.2103,1012.5956,1013.4231
2020-05-17 17:30:07,32.1198,33.6605,32.7707,47.2393,1012.6397,1013.5228
2020-05-17 17:30:16,32.1132,33.6535,32.7636,47.2334,1012.6852,1013.6071
2020-05-17 17:30:24,32.1066,33.6465,32.7566,47.2564,1012.5956,1013.5764
2020-05-17 17:30:33,32.1000,33.6394,32.7495,47.2623,1012.6582,1013.5459
2020-05-17 17:30:42,32.0935,33.6324,32.7425,47.2737,1012.6411,1013.5688
2020-05-17 17:30:51,32.0869,33.6254,32.7355,47.3084,1012.6311,1013.5764
2020-05-17 17:31:00,32.0804,33.6184,32.7285,47.3027,1012.6311,1013.5956
2020-05-17 17:31:08,32.0739,33.6115,32.7215,47.3428,1012.6596,1013.5956
2020-05-17 17:31:17,32.0674,33.6045,32.7145,47.3545,1012.6766,1013.6224
2020-05-17 17:31:26,32.0609,33.5975,32.7075,47.3660,1012.6411,1013.5688
2020-05-17 17:31:34,32.0544,33.5906,32.7006,47.3718,1012.6226,1013.6684
2020-05-17 17:31:44,32.0479,33.5836,32.6937,47.4120,1012.5970,1013.6340
2020-05-17 17:31:53,32.0414,33.5767,32.6867,47.4293,1012.5970,1013.5995
2020-05-17 17:32:01,32.0349,33.5698,32.6798,47.4293,1012.5700,1013.5382
2020-05-17 17:32:10,32.0285,33.5629,32.6729,47.4351,1012.6596,1013.5382
2020-05-17 17:32:19,32.0221,33.5560,32.6660,47.4581,1012.5700,1013.5382
2020-05-17 17:32:28,32.0156,33.5491,32.6591,47.4697,1012.6055,1013.5651
2020-05-17 17:32:37,32.0092,33.5422,32.6522,47.4870,1012.6781,1013.5919
2020-05-17 17:32:45,32.0028,33.5354,32.6453,47.5098,1012.5984,1013.6379
2020-05-17 17:32:54,31.9964,33.5285,32.6385,47.5156,1012.5799,1013.5498
2020-05-17 17:33:03,31.9900,33.5217,32.6316,47.5155,1012.7250,1013.6034
2020-05-17 17:33:12,31.9836,33.5148,32.6248,47.5271,1012.6254,1013.5153
2020-05-17 17:33:21,31.9773,33.5080,32.6180,47.5386,1012.6439,1013.5766
2020-05-17 17:33:30,31.9709,33.5012,32.6112,47.5502,1012.6069,1013.5498
2020-05-17 17:33:38,31.9646,33.4944,32.6043,47.5672,1012.5998,1013.6034
2020-05-17 17:33:48,31.9582,33.4876,32.5976,47.5788,1012.6354,1013.5958
2020-05-17 17:33:56,31.9519,33.4808,32.5908,47.6193,1012.6709,1013.6034
2020-05-17 17:34:05,31.9456,33.4741,32.5840,47.5904,1012.6624,1013.6150
2020-05-17 17:34:14,31.9393,33.4673,32.5772,47.6133,1012.5372,1013.5077
2020-05-17 17:34:23,31.9330,33.4606,32.5705,47.6596,1012.6083,1013.5882
2020-05-17 17:34:32,31.9266,33.4538,32.5637,47.6653,1012.6268,1013.5997
2020-05-17 17:34:41,31.9204,33.4471,32.5570,47.6767,1012.6994,1013.6150
2020-05-17 17:34:49,31.9141,33.4404,32.5503,47.6940,1012.6098,1013.5921
